2000 2000 0
1 2 78
1 3 765
1 4 694
4 5 807
1 6 436
1 7 421
4 8 333
8 9 60
8 10 886
2 11 323
2 12 597
9 13 197
3 14 70
8 15 536
3 16 646
9 17 233
5 18 931
9 19 140
6 20 409
10 21 136
5 22 365
7 23 208
7 24 772
8 25 258
10 26 156
2 27 418
4 28 113
3 29 543
1 30 856
2 31 52
6 32 846
2 33 15
9 34 777
4 35 76
3 36 413
5 37 450
6 38 183
10 39 820
6 40 372
5 41 600
2 42 242
7 43 3
5 44 205
8 45 625
5 46 562
1 47 760
5 48 999
7 49 189
1 50 720
1 51 413
1 52 298
6 53 317
5 54 386
3 55 569
8 56 998
4 57 279
7 58 73
6 59 676
6 60 818
9 61 525
2 62 262
10 63 966
7 64 784
2 65 525
10 66 55
8 67 319
1 68 96
3 69 361
7 70 678
2 71 375
6 72 296
1 73 175
2 74 650
7 75 574
4 76 425
6 77 665
9 78 826
5 79 325
9 80 835
7 81 190
9 82 656
10 83 418
7 84 319
7 85 486
2 86 627
10 87 70
6 88 123
5 89 841
4 90 363
1 91 202
10 92 960
2 93 679
9 94 792
6 95 180
4 96 183
4 97 72
2 98 386
6 99 742
7 100 294
2 101 204
10 102 641
7 103 190
4 104 79
8 105 59
8 106 829
4 107 670
2 108 145
10 109 173
1 110 391
9 111 357
3 112 476
6 113 26
9 114 365
10 115 875
7 116 999
4 117 51
1 118 280
5 119 216
6 120 692
6 121 478
3 122 969
2 123 811
3 124 658
8 125 309
9 126 550
3 127 222
6 128 513
6 129 278
3 130 489
1 131 457
9 132 985
10 133 651
3 134 680
6 135 810
5 136 682
3 137 906
2 138 709
7 139 738
8 140 213
7 141 709
1 142 719
3 143 473
1 144 352
8 145 859
4 146 782
4 147 799
10 148 364
6 149 460
10 150 497
4 151 125
3 152 858
1 153 264
5 154 890
8 155 481
2 156 568
5 157 511
10 158 832
3 159 701
8 160 888
4 161 769
10 162 819
9 163 375
1 164 24
5 165 342
1 166 435
9 167 977
2 168 898
8 169 478
9 170 281
1 171 338
2 172 789
9 173 193
5 174 283
3 175 657
1 176 632
2 177 639
1 178 578
7 179 432
8 180 157
5 181 97
6 182 975
9 183 694
2 184 795
4 185 861
1 186 976
3 187 227
6 188 778
5 189 629
5 190 630
1 191 215
3 192 986
8 193 215
10 194 770
1 195 282
5 196 419
8 197 781
10 198 315
4 199 636
8 200 973
7 201 221
5 202 448
4 203 893
10 204 968
2 205 177
1 206 67
9 207 550
6 208 637
10 209 712
6 210 779
5 211 941
7 212 986
3 213 354
6 214 960
2 215 779
8 216 344
7 217 79
7 218 90
2 219 745
5 220 960
7 221 415
8 222 449
9 223 501
8 224 704
8 225 842
2 226 541
6 227 657
6 228 106
4 229 936
5 230 102
3 231 619
8 232 557
4 233 185
7 234 316
1 235 357
9 236 520
8 237 189
1 238 647
8 239 990
3 240 981
2 241 108
9 242 127
7 243 590
1 244 979
6 245 703
3 246 765
4 247 29
4 248 314
8 249 340
1 250 999
6 251 955
1 252 954
8 253 533
4 254 743
1 255 832
7 256 963
8 257 864
7 258 795
10 259 572
8 260 149
3 261 103
5 262 717
5 263 687
6 264 504
5 265 752
7 266 292
9 267 681
3 268 124
3 269 837
6 270 703
4 271 914
1 272 626
4 273 365
2 274 952
10 275 747
3 276 752
8 277 912
3 278 94
3 279 354
4 280 743
5 281 854
1 282 89
9 283 576
6 284 920
10 285 799
4 286 665
1 287 190
8 288 561
6 289 499
3 290 510
6 291 282
4 292 100
9 293 338
6 294 328
2 295 670
9 296 207
2 297 828
1 298 295
10 299 185
3 300 436
9 301 9
9 302 427
4 303 490
6 304 298
10 305 345
7 306 189
2 307 851
2 308 513
5 309 949
10 310 979
4 311 979
6 312 409
8 313 267
6 314 983
6 315 882
10 316 994
3 317 229
5 318 719
6 319 136
7 320 364
1 321 745
4 322 317
1 323 109
2 324 783
8 325 529
7 326 175
9 327 753
7 328 235
5 329 716
7 330 295
7 331 212
6 332 992
5 333 329
5 334 332
8 335 863
3 336 438
6 337 202
5 338 517
10 339 288
9 340 334
2 341 630
9 342 4
1 343 632
7 344 918
3 345 213
3 346 1000
6 347 856
2 348 176
5 349 15
5 350 409
4 351 22
2 352 210
1 353 812
2 354 983
5 355 844
5 356 430
8 357 236
7 358 410
4 359 393
10 360 82
6 361 983
3 362 242
7 363 372
4 364 736
10 365 277
4 366 368
10 367 375
4 368 31
4 369 111
7 370 586
3 371 289
10 372 959
2 373 11
10 374 577
4 375 498
8 376 919
4 377 218
8 378 182
7 379 594
3 380 441
10 381 517
1 382 143
6 383 249
1 384 748
1 385 642
4 386 894
9 387 679
8 388 417
5 389 739
7 390 57
9 391 204
9 392 918
1 393 591
10 394 914
10 395 704
1 396 300
10 397 581
6 398 64
4 399 499
7 400 339
4 401 775
10 402 731
7 403 686
1 404 451
9 405 876
3 406 563
9 407 567
1 408 773
7 409 884
7 410 143
10 411 431
8 412 207
8 413 895
6 414 337
4 415 415
6 416 259
1 417 837
5 418 208
10 419 181
1 420 991
6 421 966
1 422 325
6 423 651
6 424 205
8 425 474
2 426 654
1 427 904
10 428 868
7 429 937
4 430 732
7 431 548
4 432 764
8 433 676
7 434 175
7 435 958
10 436 308
1 437 489
3 438 56
9 439 512
10 440 798
6 441 665
1 442 5
10 443 417
6 444 225
2 445 77
3 446 536
10 447 41
9 448 221
7 449 979
8 450 583
6 451 32
9 452 658
2 453 853
2 454 932
8 455 422
6 456 264
6 457 930
10 458 213
1 459 92
10 460 944
9 461 9
2 462 828
7 463 416
4 464 488
4 465 820
10 466 56
10 467 147
9 468 425
6 469 986
9 470 193
2 471 470
1 472 628
10 473 803
1 474 471
1 475 239
10 476 679
1 477 463
2 478 146
10 479 895
8 480 580
1 481 302
8 482 114
2 483 463
10 484 577
1 485 896
2 486 655
5 487 174
9 488 912
5 489 853
10 490 329
10 491 859
7 492 984
1 493 653
4 494 952
5 495 824
5 496 840
7 497 953
1 498 101
6 499 988
6 500 970
3 501 727
7 502 78
1 503 663
8 504 253
5 505 416
5 506 364
8 507 609
6 508 577
7 509 317
8 510 328
1 511 66
9 512 54
7 513 820
1 514 464
9 515 218
2 516 388
3 517 271
2 518 414
8 519 49
9 520 171
2 521 861
7 522 953
9 523 551
4 524 19
6 525 389
5 526 488
3 527 100
2 528 117
1 529 49
4 530 797
2 531 985
10 532 119
1 533 824
3 534 111
2 535 244
7 536 330
4 537 714
10 538 262
10 539 22
10 540 583
4 541 559
8 542 578
5 543 248
6 544 500
7 545 31
8 546 987
5 547 129
6 548 35
6 549 458
8 550 969
7 551 576
9 552 59
1 553 720
5 554 420
9 555 575
1 556 835
6 557 793
4 558 477
3 559 869
10 560 645
7 561 102
1 562 570
9 563 953
5 564 936
8 565 893
6 566 156
5 567 189
4 568 244
7 569 511
10 570 732
9 571 488
10 572 337
10 573 189
10 574 672
1 575 138
6 576 471
5 577 997
8 578 858
9 579 571
2 580 766
10 581 713
3 582 176
10 583 435
4 584 582
10 585 424
2 586 844
6 587 915
8 588 751
3 589 553
8 590 541
9 591 193
1 592 505
3 593 342
6 594 555
9 595 950
5 596 749
4 597 294
5 598 989
4 599 403
2 600 537
8 601 177
7 602 429
2 603 766
8 604 423
10 605 87
6 606 42
3 607 113
9 608 725
7 609 344
10 610 84
2 611 10
9 612 645
1 613 532
8 614 155
3 615 691
7 616 565
9 617 947
9 618 856
1 619 858
7 620 295
9 621 717
2 622 265
6 623 785
7 624 762
7 625 491
8 626 15
5 627 847
9 628 502
1 629 979
2 630 467
4 631 244
4 632 619
3 633 942
7 634 523
4 635 744
10 636 177
3 637 845
1 638 944
9 639 587
5 640 88
1 641 502
8 642 843
8 643 685
6 644 208
6 645 955
7 646 531
9 647 262
9 648 169
10 649 155
1 650 335
3 651 694
10 652 211
2 653 93
6 654 65
8 655 77
5 656 374
9 657 771
3 658 752
8 659 284
6 660 915
9 661 636
7 662 660
7 663 225
4 664 280
4 665 272
6 666 45
5 667 534
6 668 566
3 669 303
10 670 219
3 671 489
7 672 270
3 673 761
2 674 590
10 675 36
8 676 367
2 677 582
5 678 558
10 679 149
10 680 912
5 681 502
3 682 979
6 683 318
1 684 843
2 685 169
8 686 69
10 687 870
6 688 351
5 689 104
5 690 460
6 691 373
6 692 244
4 693 897
8 694 377
10 695 250
2 696 433
9 697 517
1 698 882
4 699 271
4 700 488
10 701 909
3 702 513
10 703 571
9 704 184
4 705 815
8 706 252
7 707 54
3 708 385
3 709 349
6 710 261
9 711 481
7 712 332
6 713 22
1 714 3
3 715 570
5 716 519
6 717 593
7 718 573
6 719 330
4 720 27
5 721 504
3 722 549
2 723 225
1 724 704
9 725 378
7 726 882
7 727 248
10 728 95
10 729 863
9 730 796
8 731 373
7 732 558
10 733 95
7 734 779
10 735 866
7 736 863
6 737 834
10 738 639
7 739 653
5 740 280
5 741 400
7 742 472
10 743 344
9 744 99
7 745 985
4 746 750
5 747 993
10 748 223
7 749 669
1 750 297
6 751 522
8 752 187
5 753 709
6 754 762
9 755 858
7 756 737
7 757 727
5 758 607
6 759 353
4 760 592
5 761 485
8 762 442
3 763 351
1 764 376
7 765 165
5 766 521
2 767 348
8 768 73
6 769 185
8 770 222
5 771 40
1 772 211
6 773 583
2 774 679
1 775 539
10 776 694
6 777 305
5 778 118
10 779 629
7 780 675
1 781 829
1 782 194
1 783 343
1 784 648
7 785 933
9 786 618
7 787 687
5 788 790
8 789 40
6 790 272
1 791 694
9 792 22
10 793 414
10 794 251
6 795 733
8 796 70
9 797 79
4 798 211
10 799 850
3 800 712
10 801 427
2 802 464
8 803 935
7 804 978
5 805 2
3 806 106
5 807 642
3 808 414
7 809 508
2 810 298
9 811 141
2 812 690
8 813 986
5 814 542
7 815 823
3 816 128
7 817 658
7 818 775
5 819 16
3 820 935
8 821 877
9 822 749
1 823 567
1 824 527
9 825 388
4 826 513
6 827 238
10 828 64
1 829 293
1 830 569
6 831 716
9 832 954
4 833 298
1 834 127
8 835 409
5 836 405
5 837 785
9 838 801
6 839 566
9 840 657
3 841 972
2 842 369
3 843 537
7 844 654
6 845 490
10 846 262
9 847 707
1 848 885
1 849 322
6 850 1000
4 851 196
9 852 340
5 853 558
2 854 815
6 855 101
9 856 900
5 857 653
9 858 954
1 859 236
7 860 630
2 861 759
1 862 427
6 863 491
9 864 888
6 865 132
9 866 66
4 867 248
9 868 484
8 869 444
4 870 421
9 871 693
1 872 641
4 873 503
4 874 845
6 875 553
9 876 782
10 877 358
7 878 578
5 879 163
9 880 101
1 881 671
5 882 956
6 883 213
7 884 13
8 885 339
9 886 156
9 887 926
1 888 398
8 889 787
10 890 496
4 891 934
1 892 496
2 893 133
2 894 882
1 895 165
10 896 3
8 897 571
10 898 680
1 899 115
4 900 167
4 901 323
6 902 436
6 903 840
10 904 868
7 905 239
3 906 628
5 907 572
8 908 498
1 909 526
10 910 882
5 911 224
10 912 585
8 913 895
6 914 829
10 915 730
4 916 434
8 917 748
7 918 381
4 919 555
2 920 955
1 921 556
10 922 634
10 923 116
4 924 382
5 925 615
1 926 868
3 927 139
2 928 521
8 929 157
9 930 427
5 931 290
5 932 678
5 933 526
6 934 487
1 935 359
10 936 747
8 937 954
5 938 336
7 939 148
6 940 18
5 941 618
6 942 694
3 943 816
10 944 514
6 945 548
7 946 442
9 947 579
5 948 723
3 949 41
5 950 242
5 951 333
10 952 917
6 953 882
2 954 407
7 955 989
9 956 1000
5 957 389
2 958 482
5 959 53
5 960 756
2 961 84
1 962 593
1 963 949
9 964 625
1 965 869
4 966 758
10 967 667
8 968 983
1 969 458
4 970 264
2 971 648
4 972 206
10 973 986
1 974 238
6 975 948
6 976 934
8 977 20
7 978 938
5 979 695
9 980 80
5 981 986
4 982 811
2 983 242
3 984 194
5 985 923
9 986 937
4 987 675
9 988 525
9 989 639
5 990 140
1 991 252
2 992 154
6 993 558
7 994 852
8 995 371
10 996 752
4 997 912
8 998 73
10 999 226
10 1000 118
2 1001 605
1 1002 683
9 1003 56
4 1004 846
10 1005 830
4 1006 715
6 1007 548
6 1008 839
2 1009 57
5 1010 831
1 1011 48
3 1012 128
8 1013 895
4 1014 688
8 1015 411
3 1016 707
2 1017 865
6 1018 367
2 1019 405
9 1020 383
10 1021 181
1 1022 434
5 1023 766
10 1024 940
2 1025 693
7 1026 147
4 1027 566
7 1028 914
3 1029 631
9 1030 264
9 1031 125
6 1032 218
7 1033 869
8 1034 187
7 1035 867
7 1036 906
1 1037 238
6 1038 163
10 1039 441
9 1040 683
8 1041 481
5 1042 576
10 1043 421
7 1044 637
10 1045 600
7 1046 985
1 1047 680
7 1048 193
9 1049 130
1 1050 816
5 1051 579
3 1052 933
6 1053 639
9 1054 828
1 1055 380
7 1056 603
4 1057 999
9 1058 909
8 1059 341
7 1060 305
3 1061 698
1 1062 179
8 1063 620
7 1064 793
8 1065 800
1 1066 631
8 1067 859
1 1068 530
5 1069 730
2 1070 615
2 1071 593
3 1072 611
2 1073 110
6 1074 844
6 1075 6
3 1076 190
5 1077 677
5 1078 15
6 1079 178
8 1080 50
8 1081 88
1 1082 502
6 1083 397
10 1084 423
7 1085 117
5 1086 426
10 1087 351
3 1088 189
7 1089 926
7 1090 132
3 1091 352
5 1092 772
6 1093 825
5 1094 19
3 1095 376
7 1096 716
9 1097 608
4 1098 110
7 1099 871
6 1100 310
7 1101 274
10 1102 135
2 1103 301
10 1104 600
8 1105 774
1 1106 557
10 1107 459
7 1108 979
4 1109 950
8 1110 464
7 1111 279
7 1112 72
7 1113 177
2 1114 688
6 1115 122
9 1116 757
9 1117 495
4 1118 45
10 1119 677
10 1120 532
5 1121 664
7 1122 247
3 1123 438
1 1124 899
4 1125 220
6 1126 134
6 1127 287
8 1128 884
4 1129 731
4 1130 538
1 1131 279
10 1132 541
4 1133 910
1 1134 3
2 1135 965
3 1136 704
10 1137 251
6 1138 593
1 1139 307
3 1140 84
10 1141 59
6 1142 213
10 1143 208
1 1144 737
2 1145 911
6 1146 381
5 1147 116
4 1148 471
10 1149 557
3 1150 251
6 1151 95
4 1152 166
1 1153 239
1 1154 893
5 1155 433
7 1156 814
5 1157 515
2 1158 589
9 1159 954
6 1160 767
5 1161 355
10 1162 738
2 1163 114
4 1164 289
8 1165 270
4 1166 107
9 1167 434
10 1168 13
8 1169 756
2 1170 794
3 1171 544
5 1172 809
7 1173 420
2 1174 254
1 1175 469
1 1176 102
7 1177 392
7 1178 327
4 1179 578
2 1180 565
6 1181 495
5 1182 333
6 1183 821
3 1184 764
7 1185 665
2 1186 96
8 1187 472
2 1188 389
10 1189 598
9 1190 120
5 1191 530
7 1192 695
6 1193 159
9 1194 101
7 1195 474
9 1196 993
5 1197 458
8 1198 63
1 1199 50
6 1200 301
6 1201 432
4 1202 487
9 1203 529
7 1204 538
5 1205 369
1 1206 603
1 1207 327
3 1208 560
6 1209 830
7 1210 293
10 1211 636
2 1212 911
6 1213 677
8 1214 547
2 1215 40
7 1216 823
3 1217 136
8 1218 143
2 1219 363
4 1220 880
4 1221 365
2 1222 959
10 1223 301
8 1224 402
9 1225 702
5 1226 141
5 1227 630
6 1228 917
1 1229 314
3 1230 904
9 1231 606
2 1232 353
2 1233 33
4 1234 303
4 1235 678
4 1236 575
4 1237 378
6 1238 556
4 1239 228
4 1240 813
4 1241 87
10 1242 134
7 1243 137
4 1244 133
1 1245 439
9 1246 997
6 1247 886
10 1248 253
9 1249 290
7 1250 281
4 1251 705
10 1252 55
9 1253 168
6 1254 354
1 1255 748
3 1256 721
5 1257 66
6 1258 977
10 1259 174
5 1260 581
6 1261 254
8 1262 396
5 1263 511
4 1264 994
6 1265 565
5 1266 876
8 1267 774
2 1268 544
3 1269 599
8 1270 225
7 1271 117
8 1272 263
9 1273 685
8 1274 268
2 1275 355
2 1276 198
9 1277 429
2 1278 227
1 1279 776
6 1280 143
9 1281 249
9 1282 752
1 1283 972
8 1284 66
3 1285 343
4 1286 481
2 1287 687
7 1288 597
6 1289 513
5 1290 496
3 1291 346
8 1292 745
8 1293 774
10 1294 812
7 1295 363
4 1296 446
9 1297 46
4 1298 461
6 1299 51
8 1300 877
5 1301 8
2 1302 867
8 1303 363
8 1304 748
6 1305 502
8 1306 837
8 1307 857
7 1308 604
10 1309 15
8 1310 893
1 1311 870
4 1312 494
3 1313 955
6 1314 531
7 1315 131
5 1316 112
10 1317 450
1 1318 213
7 1319 143
3 1320 828
1 1321 965
1 1322 940
3 1323 881
2 1324 257
4 1325 730
2 1326 600
7 1327 291
7 1328 271
7 1329 418
9 1330 161
5 1331 396
2 1332 421
10 1333 973
2 1334 584
9 1335 612
9 1336 661
5 1337 796
8 1338 171
3 1339 147
2 1340 326
6 1341 645
10 1342 164
5 1343 585
5 1344 264
1 1345 274
10 1346 465
5 1347 78
9 1348 259
2 1349 225
10 1350 300
2 1351 818
7 1352 799
6 1353 500
10 1354 539
8 1355 173
1 1356 933
1 1357 538
1 1358 816
8 1359 15
2 1360 211
5 1361 963
10 1362 202
3 1363 241
1 1364 266
10 1365 686
2 1366 473
2 1367 937
6 1368 747
2 1369 973
1 1370 93
4 1371 240
1 1372 372
6 1373 247
3 1374 654
3 1375 319
6 1376 911
3 1377 660
1 1378 204
10 1379 909
3 1380 922
9 1381 148
10 1382 735
6 1383 505
8 1384 719
3 1385 488
9 1386 711
7 1387 645
5 1388 565
1 1389 846
1 1390 364
6 1391 96
9 1392 571
7 1393 463
6 1394 887
9 1395 393
4 1396 211
1 1397 443
2 1398 334
4 1399 266
3 1400 980
9 1401 427
10 1402 234
10 1403 346
10 1404 310
5 1405 5
7 1406 492
5 1407 49
1 1408 833
1 1409 427
7 1410 730
2 1411 319
9 1412 69
10 1413 868
9 1414 22
3 1415 52
8 1416 554
6 1417 887
6 1418 671
9 1419 97
2 1420 256
6 1421 582
7 1422 452
8 1423 860
3 1424 872
3 1425 632
5 1426 447
8 1427 582
7 1428 880
3 1429 533
3 1430 503
7 1431 976
10 1432 369
2 1433 300
9 1434 92
7 1435 112
7 1436 796
3 1437 879
3 1438 518
9 1439 680
2 1440 975
3 1441 917
1 1442 365
2 1443 294
3 1444 132
10 1445 287
8 1446 977
6 1447 700
10 1448 746
9 1449 939
8 1450 634
8 1451 88
2 1452 736
10 1453 538
8 1454 433
2 1455 556
3 1456 648
1 1457 188
5 1458 348
2 1459 839
1 1460 41
2 1461 370
6 1462 284
10 1463 737
10 1464 147
1 1465 402
3 1466 906
10 1467 178
7 1468 374
8 1469 957
7 1470 276
8 1471 42
3 1472 842
10 1473 716
1 1474 260
3 1475 913
2 1476 895
7 1477 406
10 1478 792
9 1479 751
4 1480 709
6 1481 570
1 1482 626
9 1483 596
10 1484 20
6 1485 930
4 1486 161
4 1487 256
7 1488 613
9 1489 45
5 1490 173
4 1491 820
10 1492 158
7 1493 547
6 1494 29
5 1495 430
7 1496 440
4 1497 667
10 1498 203
6 1499 560
9 1500 284
4 1501 567
8 1502 590
10 1503 480
4 1504 288
4 1505 414
9 1506 686
7 1507 680
4 1508 302
1 1509 313
2 1510 284
4 1511 118
3 1512 308
5 1513 918
2 1514 582
5 1515 316
5 1516 388
3 1517 974
4 1518 5
8 1519 49
2 1520 541
5 1521 121
8 1522 281
1 1523 517
5 1524 135
7 1525 424
10 1526 211
8 1527 367
3 1528 138
5 1529 385
7 1530 625
1 1531 57
1 1532 390
3 1533 621
3 1534 324
10 1535 522
7 1536 203
4 1537 301
8 1538 549
7 1539 650
8 1540 969
6 1541 752
4 1542 75
1 1543 482
2 1544 608
4 1545 53
10 1546 749
10 1547 800
4 1548 112
1 1549 582
5 1550 621
1 1551 461
2 1552 865
5 1553 450
4 1554 754
5 1555 537
3 1556 732
2 1557 417
1 1558 116
7 1559 173
2 1560 599
2 1561 643
1 1562 387
8 1563 615
10 1564 372
7 1565 671
7 1566 791
6 1567 377
8 1568 169
8 1569 632
10 1570 208
6 1571 73
1 1572 752
5 1573 163
1 1574 286
3 1575 393
10 1576 319
3 1577 113
3 1578 953
3 1579 807
8 1580 792
10 1581 882
1 1582 409
9 1583 549
4 1584 666
3 1585 70
9 1586 615
9 1587 690
6 1588 101
8 1589 750
5 1590 609
1 1591 782
6 1592 120
9 1593 840
10 1594 656
8 1595 745
6 1596 341
7 1597 525
10 1598 589
10 1599 827
9 1600 379
6 1601 766
8 1602 670
2 1603 620
8 1604 43
5 1605 146
9 1606 925
10 1607 188
1 1608 523
2 1609 792
6 1610 153
5 1611 995
4 1612 836
10 1613 514
6 1614 401
5 1615 338
5 1616 118
3 1617 183
5 1618 151
4 1619 807
1 1620 585
7 1621 351
2 1622 378
8 1623 299
2 1624 358
3 1625 898
6 1626 890
7 1627 7
8 1628 235
2 1629 728
7 1630 703
4 1631 17
7 1632 738
2 1633 601
7 1634 281
6 1635 499
4 1636 377
2 1637 45
6 1638 984
1 1639 987
8 1640 490
8 1641 276
9 1642 932
4 1643 315
6 1644 708
5 1645 606
4 1646 517
5 1647 570
4 1648 319
1 1649 755
3 1650 76
8 1651 208
3 1652 10
7 1653 684
1 1654 599
1 1655 620
7 1656 167
10 1657 895
9 1658 8
2 1659 872
3 1660 869
6 1661 134
2 1662 53
5 1663 491
4 1664 876
8 1665 311
1 1666 496
5 1667 645
6 1668 804
10 1669 340
4 1670 295
2 1671 207
10 1672 101
7 1673 659
10 1674 244
3 1675 695
3 1676 128
3 1677 902
5 1678 766
7 1679 470
1 1680 211
4 1681 84
4 1682 612
10 1683 116
6 1684 439
10 1685 909
3 1686 888
6 1687 834
10 1688 589
1 1689 121
5 1690 313
6 1691 534
1 1692 531
9 1693 952
4 1694 103
1 1695 266
5 1696 195
2 1697 834
5 1698 234
3 1699 516
1 1700 867
9 1701 687
8 1702 738
5 1703 230
6 1704 541
10 1705 319
7 1706 296
5 1707 839
1 1708 736
5 1709 130
6 1710 690
1 1711 6
6 1712 203
4 1713 496
6 1714 937
9 1715 861
8 1716 632
1 1717 98
6 1718 429
3 1719 155
8 1720 670
10 1721 894
4 1722 687
5 1723 384
1 1724 141
1 1725 614
8 1726 805
5 1727 588
7 1728 197
6 1729 208
8 1730 945
1 1731 543
1 1732 862
7 1733 910
1 1734 194
6 1735 833
5 1736 608
1 1737 198
10 1738 31
8 1739 442
2 1740 971
2 1741 418
6 1742 490
8 1743 523
5 1744 880
2 1745 673
1 1746 250
7 1747 210
6 1748 181
9 1749 603
9 1750 327
4 1751 840
10 1752 611
7 1753 792
1 1754 17
10 1755 886
2 1756 419
5 1757 864
7 1758 624
3 1759 938
2 1760 587
8 1761 691
6 1762 876
4 1763 894
8 1764 29
6 1765 457
8 1766 765
4 1767 280
1 1768 624
8 1769 362
3 1770 395
7 1771 834
2 1772 691
8 1773 606
10 1774 430
10 1775 531
8 1776 8
4 1777 5
3 1778 742
5 1779 451
5 1780 430
8 1781 448
3 1782 76
6 1783 290
7 1784 917
2 1785 653
8 1786 750
2 1787 431
6 1788 405
4 1789 430
10 1790 478
1 1791 420
3 1792 406
2 1793 121
2 1794 74
10 1795 129
2 1796 976
7 1797 864
10 1798 484
3 1799 676
7 1800 811
3 1801 913
8 1802 170
5 1803 542
3 1804 583
7 1805 142
2 1806 142
8 1807 639
2 1808 388
4 1809 110
10 1810 775
4 1811 399
6 1812 867
10 1813 985
1 1814 269
9 1815 391
7 1816 682
7 1817 695
5 1818 688
1 1819 237
10 1820 795
2 1821 568
7 1822 992
1 1823 315
3 1824 620
4 1825 28
5 1826 213
6 1827 799
7 1828 303
1 1829 963
1 1830 487
8 1831 243
5 1832 586
4 1833 661
10 1834 494
2 1835 614
1 1836 39
7 1837 66
3 1838 538
2 1839 999
6 1840 853
6 1841 386
3 1842 292
8 1843 536
10 1844 20
5 1845 278
3 1846 658
2 1847 696
5 1848 420
8 1849 300
9 1850 205
4 1851 999
6 1852 805
3 1853 678
2 1854 862
4 1855 237
3 1856 167
4 1857 90
7 1858 203
9 1859 930
5 1860 514
8 1861 946
8 1862 990
3 1863 614
2 1864 694
1 1865 132
8 1866 110
9 1867 321
2 1868 115
7 1869 930
1 1870 59
4 1871 460
5 1872 857
8 1873 27
4 1874 36
10 1875 389
1 1876 73
10 1877 863
1 1878 443
3 1879 445
5 1880 769
1 1881 614
3 1882 535
6 1883 309
8 1884 114
3 1885 248
10 1886 976
8 1887 827
9 1888 877
7 1889 861
6 1890 830
1 1891 81
3 1892 473
6 1893 573
2 1894 49
4 1895 373
2 1896 533
8 1897 88
1 1898 881
3 1899 233
8 1900 803
10 1901 966
8 1902 271
2 1903 28
3 1904 818
8 1905 527
5 1906 433
3 1907 46
6 1908 953
2 1909 676
1 1910 576
10 1911 871
9 1912 282
4 1913 819
3 1914 917
5 1915 207
7 1916 444
10 1917 470
9 1918 70
8 1919 798
6 1920 751
7 1921 827
6 1922 341
9 1923 932
10 1924 899
3 1925 516
10 1926 576
7 1927 561
5 1928 113
7 1929 63
6 1930 329
8 1931 653
8 1932 167
10 1933 566
8 1934 367
3 1935 784
5 1936 206
4 1937 928
6 1938 506
3 1939 475
9 1940 742
1 1941 725
2 1942 273
3 1943 812
1 1944 168
7 1945 237
9 1946 158
2 1947 412
1 1948 306
8 1949 600
6 1950 632
6 1951 876
8 1952 86
3 1953 486
5 1954 703
8 1955 898
2 1956 986
10 1957 895
6 1958 476
5 1959 720
7 1960 328
2 1961 771
8 1962 893
5 1963 997
2 1964 31
3 1965 882
4 1966 571
5 1967 784
10 1968 94
6 1969 349
1 1970 838
3 1971 291
7 1972 663
5 1973 98
1 1974 103
5 1975 677
10 1976 817
2 1977 402
5 1978 156
1 1979 486
4 1980 476
2 1981 294
5 1982 303
4 1983 326
4 1984 784
3 1985 468
3 1986 350
8 1987 285
2 1988 357
8 1989 454
6 1990 819
6 1991 843
3 1992 115
1 1993 139
5 1994 652
3 1995 288
10 1996 851
3 1997 826
9 1998 563
1 1999 149
5 2000 547
1 1518 1231 506
4 1326
4 104
3 842 984
1 1306 288 919
4 68
2 971 286
4 3487
2 3112 510
1 1801 1255 92
2 958 583
3 813 7537
1 60 48 580
4 4161
1 1550 1037 787
3 3235 6248
2 1432 629
3 2128 6354
2 5894 386
4 1319
4 4277
1 987 1962 610
4 2388
2 3012 409
1 1040 696 232
1 898 76 967
4 11749
1 1837 1443 837
2 13860 182
3 8182 7425
3 4353 11423
1 1497 839 357
1 775 1391 695
1 991 1238 448
1 189 1864 30
4 1694
3 2014 13838
4 6755
4 2171
2 11798 557
2 9751 831
1 1839 1688 806
2 1548 319
2 19438 862
2 4697 637
3 7862 19935
1 322 1141 962
3 10080 1789
2 25633 371
2 13768 844
4 22425
3 24773 22021
3 13861 1616
1 1442 894 133
1 822 1636 91
2 11831 672
1 297 1710 194
1 1699 891 234
4 27177
2 11882 821
4 18460
3 29122 6077
4 29574
3 2165 10041
2 13229 590
3 20141 12318
2 22352 179
2 26007 417
3 560 39063
3 25891 7693
1 596 1918 862
4 11007
4 31791
1 1226 1543 142
1 1089 112 320
1 33 631 770
2 25913 927
4 5050
1 757 1881 236
3 24341 36128
2 12536 762
2 27364 137
3 30014 40446
4 9098
3 11503 7241
3 36355 24415
4 18018
3 33692 5028
4 42424
4 42700
3 31394 18898
4 44984
3 23140 33298
3 39112 13063
1 1126 1085 737
4 10061
1 1109 1619 398
3 32842 32000
1 565 179 138
4 26112
2 27211 984
4 10409
3 42636 28983
3 21554 35536
2 22784 535
2 10500 358
1 706 132 605
2 37052 851
1 441 986 420
3 4737 36253
1 330 902 32
3 30801 29698
1 621 347 180
1 1270 1655 47
4 22336
1 715 551 511
1 10 1184 666
2 12392 931
4 11748
2 5379 139
3 37124 46742
4 39306
2 8803 903
1 758 1707 94
4 58496
2 55998 602
1 1406 1436 671
3 20471 51545
4 44798
3 25189 23101
3 29082 42222
1 1491 573 849
4 15372
3 20394 57367
1 122 504 203
2 24326 726
1 1289 1109 234
1 389 1951 969
2 9366 929
3 22504 7349
2 16068 650
3 22661 39375
3 33890 52423
3 25350 43326
3 60386 38966
4 11214
3 57884 19330
2 66421 425
3 65159 633
2 64055 614
2 40776 484
2 60772 479
4 20750
2 21465 35
4 66204
2 66780 867
2 44032 290
3 50848 30732
3 67383 45584
1 1331 1825 795
3 33204 81145
2 61276 505
4 10485
1 1047 1304 135
4 46370
2 24743 575
2 73994 750
4 54028
2 31038 303
2 11337 754
3 33140 53883
2 65251 480
3 81395 3375
1 1375 997 855
2 88416 603
2 87045 203
2 57393 601
1 1384 654 802
1 511 320 450
1 1539 1406 86
3 96498 5731
3 71391 85353
1 695 1651 157
2 29839 78
2 24213 717
1 142 29 930
1 710 1357 216
1 183 1252 62
2 54573 686
1 1412 1895 135
4 58740
4 72573
2 31222 48
2 31420 91
1 1045 656 438
4 52033
3 48939 3926
1 712 207 369
4 18188
3 87849 82590
1 1297 1885 619
2 12120 202
2 109566 294
4 105667
1 1050 746 630
1 940 298 598
2 84758 713
3 425 99973
3 56365 50331
2 5967 910
1 224 1508 897
1 1088 1457 48
3 62085 98427
1 481 1577 703
4 89482
3 109402 95500
1 1608 1352 617
2 70135 924
4 84490
1 1732 50 783
3 81356 24952
1 1672 779 547
1 892 1311 55
1 1129 261 123
4 20236
2 19877 171
4 102090
4 76477
1 548 715 755
2 43733 67
2 69605 168
3 42514 33297
2 31988 518
1 68 1559 346
2 22687 468
4 109693
3 81115 99107
2 80345 206
4 66462
1 1300 845 215
2 38854 354
2 111256 638
4 133931
2 96496 507
3 65611 12960
4 88428
1 1396 1336 23
2 119569 125
4 51154
2 72936 109
4 12365
4 137962
3 21583 53279
4 131129
2 19685 983
3 57025 53293
2 120106 778
3 64111 67342
2 123186 921
1 303 1057 655
4 59012
2 136992 788
4 66739
1 565 326 48
4 66437
4 126279
1 1613 1848 940
2 52837 914
4 46067
4 114658
4 10646
1 58 1409 131
2 57969 971
4 135456
3 124136 75297
4 78077
3 39772 84914
4 111296
2 144879 588
3 42963 5107
1 1201 200 92
2 2091 687
3 52598 65091
1 1542 628 481
1 1970 1455 414
3 20492 71414
3 103170 38416
1 794 843 4
4 73243
1 717 606 631
2 87715 544
3 10593 48673
3 109845 46647
3 63709 139857
4 47109
1 1572 61 32
4 102444
1 1311 1202 973
2 53986 237
4 11071
4 21228
2 107533 309
1 441 1096 713
1 569 598 808
3 111003 108747
4 162987
4 94293
2 37818 786
4 51375
1 481 666 647
1 734 1247 660
3 39022 117533
3 105864 127743
4 8977
1 1117 1670 979
3 11157 40332
1 731 421 941
1 662 1241 457
4 159313
2 122626 947
1 1537 640 25
3 55071 115718
3 152164 6550
1 570 1873 698
3 161758 11359
1 1437 1058 227
2 116597 223
2 154306 704
1 1889 1036 620
2 3349 269
2 143372 240
2 161547 240
1 1519 468 277
2 137754 89
3 100396 53981
3 168121 4412
1 785 541 464
1 1949 4 731
2 69515 935
3 97034 64293
3 118030 69013
3 139500 91535
4 25055
4 128468
4 81613
4 82538
3 78787 111361
3 76645 105149
3 88782 13595
1 1400 742 530
3 151665 144786
4 4441
3 44592 77577
3 13902 127342
2 78653 515
3 116969 130337
3 19754 114186
3 71865 72322
2 121618 505
2 22277 230
1 1913 1803 872
4 16146
3 77406 174208
4 54606
4 54994
2 14456 902
2 145042 11
2 10010 182
1 172 1587 127
3 93991 179966
2 26339 362
3 42398 16221
1 1264 723 687
3 148194 186041
4 6674
2 52250 199
2 189345 584
1 109 1831 539
2 133246 931
4 121630
1 554 768 230
1 1690 644 608
4 116265
4 199480
2 74335 709
4 94193
3 172289 98983
1 72 1335 576
4 194952
2 193418 771
1 1603 110 589
4 185298
4 94673
2 125652 266
4 182931
3 91154 15954
1 1782 1924 73
1 1620 1238 645
4 19102
1 716 747 521
2 165126 874
2 109573 294
3 87478 150387
2 34178 643
1 1493 1566 499
1 43 79 142
1 1298 1353 976
1 854 186 686
2 102158 197
1 17 1004 924
2 89975 432
3 62826 125995
3 73781 217691
3 102686 109594
4 59226
1 1237 391 359
4 98145
1 1381 472 692
3 147440 132335
3 193947 26774
2 195436 898
3 152585 43223
4 63380
2 212340 743
2 18391 601
2 160368 63
4 689
2 169178 879
3 89959 1339
3 82313 219760
3 163192 162961
4 27217
2 127862 710
1 297 1319 806
1 1787 655 46
1 1269 924 397
3 228500 153292
3 165819 79764
2 135888 57
4 160645
4 201511
3 161864 22690
2 14338 810
3 201985 142172
2 61790 360
4 185547
3 147905 181892
4 168628
4 35373
4 32348
4 115184
2 150917 812
1 273 722 380
2 159274 344
3 100372 231998
1 1911 1200 223
4 202692
2 106257 951
3 1892 144493
4 91126
3 176533 1322
2 128443 572
1 187 511 182
4 149506
3 42042 220098
1 903 379 400
1 868 1536 313
2 177477 997
4 125614
1 1895 1461 613
2 184937 890
1 937 1029 854
2 154396 967
4 5762
4 166084
4 61417
2 176543 842
1 1898 1803 703
2 82148 381
4 92846
3 146513 42487
1 495 1 25
1 1607 1872 28
2 85915 295
4 136290
3 2287 6182
1 111 1737 72
1 993 534 70
2 70787 726
1 1806 1914 213
2 166364 342
1 1195 542 615
4 194707
3 245337 88187
2 68670 499
4 38242
3 225573 127466
2 226697 239
3 182254 13284
4 262212
3 39680 15742
2 213496 358
2 185805 882
4 192823
1 572 1533 883
1 1800 325 555
1 1631 1965 995
3 7276 258017
1 1344 174 895
3 146502 206130
3 252643 240728
3 102794 136457
4 172304
3 52216 48647
1 1384 1966 679
3 45881 262120
3 31052 25072
3 253789 192824
4 162747
3 42624 104154
2 2738 528
3 120217 91031
1 14 1977 743
4 47247
3 65303 232047
4 114651
2 75661 752
3 199910 74235
1 1931 417 773
1 790 1470 931
3 10771 140
3 186091 104768
2 54835 832
2 220553 299
4 142798
3 197691 45682
4 270310
1 1842 774 567
2 161861 210
1 354 38 514
3 92951 71060
1 161 1892 281
4 146679
4 60089
4 173376
4 267290
2 20263 744
4 69735
3 149948 119160
3 162408 20491
4 271856
3 148801 208437
3 26960 181004
3 229776 217046
3 93720 10657
1 706 1264 303
2 98377 455
3 132650 270292
3 256310 73073
3 264319 91016
2 93208 188
3 211825 204849
4 212172
3 16689 54483
4 272989
3 15807 82491
4 111004
4 84260
1 831 105 806
1 659 319 350
1 1748 1272 451
2 279920 807
4 206569
2 184011 805
3 277416 277043
1 709 1936 416
2 239863 760
1 1177 1077 144
1 453 1489 754
4 219432
1 1905 577 294
2 273977 723
2 198403 497
2 178875 379
4 264661
3 52525 36406
2 278148 34
3 153354 86095
2 42203 34
1 1366 274 914
2 98704 762
3 219763 288007
3 132564 95588
2 151593 566
4 288161
1 1943 1734 839
1 1949 927 282
4 20517
2 1070 495
2 107388 86
4 154613
1 1572 1423 734
4 9853
1 1391 1908 325
2 300909 116
3 175011 142491
1 1682 1365 856
1 1345 398 529
2 81914 42
2 249235 169
2 173170 553
3 287040 49299
3 143173 215187
3 15989 96448
2 59872 689
3 13150 19248
2 7982 381
1 1596 1865 109
2 250382 231
3 24743 181708
3 114217 63358
3 164971 250065
4 169046
1 1115 681 110
1 404 1046 972
3 295097 15413
4 101978
4 168163
4 180386
1 332 657 275
1 1853 1864 204
2 102942 636
1 259 1694 127
2 40503 243
1 602 1467 597
1 801 870 812
3 306952 80211
2 297899 253
2 166637 387
1 1924 1428 69
2 302652 851
1 1815 583 677
4 139649
1 534 636 984
2 77566 100
3 199540 187683
3 3958 304431
1 1983 1270 640
3 28745 119480
1 300 1412 177
1 52 733 574
3 189790 152819
4 27848
3 329553 325400
3 122189 239493
3 107395 141452
4 309366
4 232002
2 81427 666
3 9110 69192
2 182531 949
1 977 1725 727
2 7055 985
2 61027 872
4 68087
4 111413
2 194851 269
3 269702 268526
3 131210 92132
2 43847 271
1 1508 9 144
3 290643 154690
1 1223 337 839
3 199905 84987
2 69147 232
1 1786 735 145
2 257684 937
4 237233
4 252041
2 348701 667
4 282144
3 213099 234987
2 287216 748
2 278381 826
1 623 1508 192
4 129261
2 139788 501
3 288572 72591
4 173109
4 85589
3 160121 75594
2 211922 835
4 161827
2 153926 375
3 4351 147693
2 247309 505
3 138392 305255
3 168620 84738
2 330120 592
1 1050 1199 280
1 1753 367 642
3 360521 310123
2 277764 865
2 262243 829
2 12760 447
3 2790 35249
1 398 1238 787
3 242616 17479
4 184454
2 144 182
4 3654
3 269907 228508
1 1713 1180 626
3 325798 193367
3 160817 281214
4 29300
1 1125 38 795
4 97127
1 1100 1838 98
1 1204 1029 195
1 1041 837 54
1 1375 1147 586
2 126870 307
2 139746 324
4 209715
2 376632 562
4 96028
2 111048 835
3 36478 234501
2 115476 912
4 45488
4 64503
4 334558
4 3779
3 2020 83696
1 1245 1854 835
2 139754 400
1 1168 1848 108
3 249763 118067
3 182122 284560
2 308599 410
1 373 1599 95
1 21 1591 543
3 139900 281471
4 357456
2 369163 635
3 350097 167569
1 127 314 734
3 114512 219389
2 257284 55
3 363064 372080
2 97247 798
4 111589
3 298785 147920
1 1382 1915 969
4 378192
1 756 1726 75
1 1454 1520 436
4 51109
3 182919 152259
4 21816
1 1494 505 361
4 229536
1 1454 1177 820
2 311072 12
4 183055
1 283 1328 718
1 1830 322 924
1 463 444 375
2 206008 826
2 257165 126
2 39997 499
4 47553
4 161720
1 1112 1540 300
4 146294
2 342247 759
4 234777
1 602 61 251
3 91251 207856
2 401630 207
3 325025 344804
1 1511 895 657
4 315492
3 125283 324289
1 1520 1365 825
1 1933 566 284
1 565 1730 759
4 101284
3 124760 273989
2 194363 416
2 65340 138
2 384459 712
3 359366 71176
4 230655
3 37234 9485
3 106918 345797
2 390177 902
4 169538
4 118773
4 53053
3 154254 215452
3 343715 128474
3 397091 15621
1 1915 1945 302
4 238765
1 1979 414 465
2 9669 50
2 276375 48
4 190407
4 15088
4 270514
3 88128 98373
3 246721 149318
1 1336 45 950
4 350063
3 70358 247268
3 247452 55769
1 913 1753 950
1 408 891 593
4 275091
3 292336 84484
4 343826
2 271260 485
1 954 1721 939
1 889 1941 635
3 388238 215340
1 968 1592 926
2 267539 833
2 371223 51
4 44497
4 419855
1 365 959 22
2 288565 382
1 1088 810 47
1 836 1510 681
3 159304 329958
1 1380 680 583
4 210793
1 151 1951 547
4 285267
2 24819 928
3 410127 310155
2 337391 953
2 322509 110
3 94370 130641
4 308240
4 255379
4 110154
2 241538 609
3 364715 315920
2 409185 844
2 101533 222
1 582 994 313
1 191 60 347
4 327646
4 260841
4 223406
4 354183
3 271374 330204
4 217312
2 164171 286
2 325998 856
2 238348 72
2 351540 701
3 210606 287411
4 237466
4 270039
3 111110 329764
3 441648 240765
4 8240
2 148216 155
2 35741 888
2 124225 552
1 227 641 560
3 367774 53198
4 118656
3 5862 146648
1 389 1780 539
4 347737
3 139712 129501
1 361 1843 177
2 265216 146
1 1320 1541 6
3 23176 69161
1 811 1396 873
1 774 1561 66
1 897 259 339
1 1130 1424 111
1 1037 444 108
4 405991
4 238311
2 52438 6
4 51228
2 40978 191
2 130107 708
4 57475
1 696 1616 11
3 383522 27154
3 43318 64775
1 1428 63 523
4 441902
3 285332 350293
4 273628
2 75618 900
2 354156 583
1 974 163 960
2 220744 789
2 240301 966
2 439822 75
2 350315 791
3 53889 257099
4 458518
4 420020
3 386424 339795
3 181693 409706
3 207471 402359
1 1577 860 173
2 278201 55
1 1506 1804 203
4 205046
3 258936 30351
3 451093 13349
2 225962 22
2 214156 27
2 312727 288
3 199493 248697
3 315118 182037
2 112827 219
1 603 1941 727
1 1573 998 823
2 250259 874
4 152089
3 189769 422952
4 63448
4 356034
3 63323 3970
4 256636
4 31680
4 206034
1 26 965 764
2 29997 159
2 110762 728
1 1213 830 953
3 223679 76586
4 411346
4 280060
2 370845 561
2 427223 318
3 110544 55710
2 466796 256
2 86784 840
2 329476 257
4 335053
2 200494 549
2 35550 407
2 324297 511
2 21376 5
4 448384
4 201187
3 215779 140348
4 353933
2 330569 503
4 110428
1 1847 1380 292
4 211186
4 427297
3 68647 361431
2 255652 837
3 229178 435802
2 280377 52
4 1001
1 1823 854 778
1 1307 991 687
2 452684 593
1 496 1509 992
4 127786
2 443317 146
3 454096 291158
2 326135 357
1 620 1601 322
1 543 487 653
1 1657 558 693
4 425798
1 1398 203 748
2 146173 231
3 415953 235804
1 213 1433 442
3 184290 5393
2 235348 641
3 105373 386398
3 351863 141548
1 1897 1072 943
2 210765 542
1 315 444 220
2 416631 516
2 503546 875
1 659 197 26
2 492213 461
1 508 349 608
1 495 88 43
2 331395 737
3 314918 71847
2 500172 605
1 1915 1430 131
4 334707
3 170735 204998
3 424482 26741
4 227947
2 160358 603
1 453 1517 817
2 76184 916
3 287303 489208
2 85752 897
2 125439 382
3 392371 460867
2 482109 853
2 51483 600
3 119378 365270
2 450934 919
4 388062
2 478036 662
1 1054 1863 342
4 5686
3 75227 46343
4 149154
2 258497 85
1 997 153 431
1 139 1449 493
4 192745
1 489 1809 75
4 464657
4 188607
1 1840 471 865
2 422325 85
3 550280 448987
2 87855 670
4 542407
1 1237 658 269
4 216423
4 193998
2 544925 978
2 46610 504
4 365650
4 139798
4 353672
2 471428 969
4 259876
1 1055 1611 635
2 132370 473
2 393254 523
3 508517 498983
1 30 1475 796
1 1516 741 390
1 1046 1097 588
1 714 1660 353
1 484 826 811
4 509041
1 1334 674 519
1 1617 587 321
3 435495 447950
2 85142 137
3 17947 342596
3 77810 461643
4 54899
2 7283 685
2 371261 239
1 110 186 912
4 186460
4 521916
4 554064
1 901 914 601
4 79248
1 1522 109 578
3 197561 454869
1 328 1882 653
1 442 1012 562
3 117193 403074
1 448 1855 610
3 82010 374108
1 841 1857 675
3 445764 470546
1 1886 1573 347
4 469112
1 1320 1304 395
1 1030 1955 87
2 440114 450
3 86777 144842
4 447433
3 452058 156125
2 304543 401
4 159263
4 406662
2 471309 380
1 1269 647 549
4 83434
1 1125 1820 861
3 561058 534942
3 268205 428114
4 372258
2 486122 456
3 279797 124282
1 1566 499 381
3 229037 89659
2 494504 903
4 548195
4 353052
4 378111
3 308024 97784
4 511387
2 467547 28
3 174517 422491
2 417698 291
4 382724
1 9 1593 331
4 556104
2 533139 953
3 532858 486505
2 156756 432
2 331779 155
2 15817 23
2 169654 877
3 527897 155173
1 926 918 796
3 574957 241878
3 176859 422183
4 501675
4 23352
4 491677
1 813 1941 105
1 276 1040 669
3 314296 138847
2 237064 546
2 515205 696
1 1867 642 883
2 223575 779
3 440142 403410
1 1001 1853 445
4 30041
1 1258 1967 394
2 365861 206
4 57944
1 528 975 335
4 508461
2 294577 693
4 428969
1 1585 607 900
3 459504 154815
2 375500 44
1 1795 598 753
2 416888 448
1 550 1753 10
4 470427
1 150 603 218
4 455002
1 223 55 188
4 342793
3 68048 583183
3 131876 289164
3 302715 50077
4 324024
2 228820 870
4 57064
4 109772
4 174631
4 416102
3 471448 205443
1 657 168 654
1 896 1635 330
3 5600 40408
4 259157
4 112626
1 370 289 102
2 430381 329
3 248160 378431
4 406276
4 147655
4 573255
3 609624 150986
1 1894 334 170
3 479470 363415
1 477 1604 238
1 1753 1893 802
3 474768 142655
3 335135 396143
1 771 1134 482
1 393 1702 88
4 13424
4 509740
3 39621 125700
3 353147 490435
4 459076
2 318368 449
2 248115 259
1 1907 240 222
1 1924 1946 464
1 1202 1711 53
1 1385 1642 842
3 391655 283017
4 405287
1 346 801 983
3 568264 354581
3 256332 254113
1 481 903 907
2 319162 589
1 1790 133 562
2 235869 889
3 549337 244116
3 139395 407021
1 939 903 569
3 230315 448164
4 142753
4 305831
1 1416 333 636
3 552463 122426
1 73 1413 906
3 567862 406662
2 150889 158
3 451160 114881
1 190 593 159
1 319 369 78
4 363791
1 1874 898 171
3 335570 226587
1 1360 1897 698
1 1936 421 27
4 612440
3 369978 446556
2 37494 695
4 294599
3 320907 393311
3 625272 223685
2 407759 516
3 561600 480794
1 1249 1604 94
2 348726 140
2 410000 576
3 594471 501688
4 543737
1 223 1948 188
2 553821 201
1 622 1796 820
1 99 557 734
2 269809 889
4 352888
2 455118 228
4 320142
4 301303
4 600775
2 15575 671
1 1087 1187 312
2 472544 435
4 139431
1 483 1310 548
4 517673
1 634 1033 607
1 1639 535 962
3 392023 427649
3 272597 347192
1 1251 935 839
4 623787
2 18159 496
1 1671 1280 438
4 6448
1 1643 1758 821
3 383667 16952
3 471457 24003
3 204103 452865
3 305992 58863
2 425736 134
3 448537 642803
1 284 714 387
2 400746 84
1 613 83 799
4 251363
2 489838 910
2 279883 402
4 199037
4 269180
3 172530 324154
1 791 830 184
4 78614
3 483052 602277
1 1312 561 174
1 1343 454 787
2 295847 258
2 50508 922
2 491054 375
4 526754
4 467015
1 390 1217 993
1 1851 688 506
2 437409 508
3 120791 540344
2 309371 93
3 499807 407617
1 1746 1926 871
4 272459
4 531981
3 619122 67109
4 552393
4 533990
4 61854
2 468848 237
2 429342 606
3 242080 152511
3 30975 48471
1 1205 548 714
2 180613 420
1 1205 625 173
4 197474
2 407030 450
2 13113 764
3 337442 625371
2 643888 827
1 1055 1657 560
2 206389 257
3 591243 298345
3 641803 504307
4 482354
4 336352
2 119331 502
1 325 884 545
3 411542 160257
4 390834
2 383683 369
4 348793
3 431746 433437
1 1779 79 643
3 345790 75321
2 155073 852
4 470192
4 20761
1 561 993 451
1 667 1268 836
2 3174 418
1 1864 1676 331
3 440380 227917
2 302440 955
3 103862 513178
3 598291 468757
1 1161 17 123
1 296 1778 838
3 552386 443204
4 208632
1 1731 1647 297
1 1101 1199 787
4 279039
3 50611 351329
1 46 1606 815
4 673686
1 342 1026 727
1 540 900 869
4 467381
2 549509 444
2 8762 37
2 222448 100
3 604792 62820
1 486 692 204
3 313830 350548
4 500855
1 1155 1925 157
4 497199
1 1415 1980 637
4 492009
1 323 583 849
1 276 907 843
1 838 354 565
2 285928 255
3 385440 207266
2 584061 795
2 677433 421
2 605287 638
3 447276 352504
4 576069
3 546706 271521
1 898 615 500
3 300200 563574
4 125433
2 291860 914
3 659195 215026
1 1375 18 153
2 164153 734
2 501343 510
1 1020 449 554
3 553506 682429
2 374395 703
1 1260 407 110
4 165838
4 64111
2 325079 853
2 594749 921
4 565358
4 444931
1 639 678 605
3 599201 306807
4 207487
3 189609 146544
1 1649 280 594
4 419831
1 853 955 572
1 1619 1219 228
1 1643 959 908
3 683354 473242
4 473679
4 101586
3 108495 248479
4 254677
2 547821 767
3 447443 709370
1 1978 194 676
2 544881 474
3 580289 336374
3 525339 97815
2 89010 775
4 369955
1 132 406 254
3 360319 495210
4 435509
3 306077 484750
4 148402
4 569165
1 356 1475 274
1 1043 1232 98
2 605584 20
2 663210 252
3 675671 131028
1 1627 1766 16
4 9826
4 679316
4 402398
2 260395 597
3 256081 272456
2 426666 488
3 575941 326944
2 118813 986
2 723194 3
4 31947
4 225601
3 243426 570591
2 33882 418
1 436 274 137
3 153627 563189
4 319110
1 1064 687 836
2 536496 271
4 359667
4 190468
4 584241
3 469384 566705
2 43225 674
1 277 1157 427
3 623285 418837
4 331881
3 608129 587161
1 1714 355 615
2 584251 449
2 360653 762
3 594112 705535
1 571 1526 544
4 445597
1 1524 1074 913
1 222 296 666
1 789 171 197
4 76084
1 400 223 338
2 707493 143
2 248008 847
1 1291 802 895
1 336 1643 250
2 6783 480
2 573654 281
3 67167 184398
1 349 938 463
4 697697
1 17 278 204
1 281 1675 235
2 121879 355
4 283333
1 1273 1851 88
4 388493
1 1204 1941 247
3 585445 93380
2 716616 367
4 660774
1 427 1620 819
2 307997 859
4 157984
4 114666
1 39 1252 374
3 603068 347527
3 21082 335340
3 527634 598953
1 1084 1628 556
3 407864 704041
4 657555
3 510999 511682
2 377571 243
3 81918 32380
2 241187 428
4 28136
1 702 1623 419
1 1468 1843 472
4 626283
4 724980
3 620007 471464
4 624859
1 331 348 689
3 200139 64346
2 36084 133
3 511699 590320
4 386331
1 929 504 433
1 1246 1548 72
4 172098
1 638 1227 229
1 335 1479 545
4 756434
2 125220 597
2 442108 31
2 23188 237
2 709247 782
2 740506 317
3 184074 705024
2 291277 944
3 345607 158536
1 947 1867 20
1 485 399 168
3 575295 322111
2 722045 644
1 191 1862 157
1 804 1284 850
4 704758
4 762963
1 1521 1115 900
2 685087 507
2 220905 622
3 625523 67890
4 138693
3 423930 658484
3 427311 307972
3 101512 558573
4 538106
3 427472 501856
2 44071 599
1 1171 202 478
2 216770 864
3 761107 173640
2 365319 866
4 456505
4 747959
3 766706 241266
1 744 1196 677
1 641 754 415
1 519 1123 940
2 329114 775
2 339277 555
2 215336 52
3 222739 397089
4 732242
1 341 1188 499
3 674438 645406
2 667519 169
3 579177 658547
3 581739 703625
4 303203
4 251019
4 471094
2 421227 971
3 695598 657384
4 152290
2 101811 493
4 591859
3 709076 76651
1 1573 918 770
2 765461 946
4 676690
4 540238
2 685056 382
2 21449 691
3 224625 221010
1 393 310 235
2 335417 904
4 39954
1 1783 304 93
1 829 390 181
4 254904
3 778042 279073
1 146 102 894
1 770 329 227
1 1727 366 812
2 467618 622
1 1281 1972 459
4 100507
3 505869 407782
1 523 1870 359
4 66750
3 732614 744429
3 797159 718862
1 1 90 109
1 1820 1735 359
2 407691 769
3 93945 786102
4 635444
3 776751 807583
4 792605
1 120 1251 336
2 66428 692
2 1689 413
2 579537 650
4 188063
2 177425 627
4 49571
2 169329 342
2 567831 457
1 773 1592 953
3 794087 201336
3 534720 169542
3 697927 318755
3 414929 350588
3 532624 586035
3 811762 133716
2 207833 196
1 388 945 625
1 1869 906 198
3 270306 254181
2 686048 114
2 199181 766
1 723 1403 522
1 112 346 71
1 1523 391 415
2 401312 393
1 1210 1101 738
4 661361
3 135417 790259
1 1642 307 517
1 1931 845 141
4 750432
4 502774
2 683477 333
3 255464 131192
4 284171
4 39174
3 26345 617186
3 242915 534741
3 170116 706125
3 117224 599215
1 1434 979 953
1 142 1428 150
2 362696 635
3 124945 680856
1 1006 1187 873
2 283024 756
2 720377 130
2 365134 98
3 409474 288581
1 1734 160 792
2 168990 559
3 341205 36125
1 1505 1319 402
2 168130 10
2 633399 506
2 496153 843
1 340 152 649
4 815013
2 792143 287
3 796765 837536
2 622903 594
4 653906
3 330860 293382
4 779608
2 23853 621
4 369310
2 707142 70
3 796660 220664
3 99673 584590
4 385630
3 110894 553259
2 530305 62
2 382120 143
3 518462 708058
1 1395 1952 233
3 670812 775017
4 410855
4 811430
4 527221
3 353236 719530
2 432800 956
4 395236
2 548850 191
4 481251
3 386517 374746
3 773739 101646
3 359649 324081
3 708957 610348
2 765153 416
2 120322 351
3 454044 191825
3 323292 569722
2 57087 770
3 524085 295378
2 451480 262
4 723884
4 326504
3 82994 363984
3 315518 234632
1 1892 1217 676
1 1705 1050 850
1 768 500 656
2 70206 260
2 287123 688
4 146726
2 776148 371
4 141778
3 483865 172518
4 57094
2 204288 876
3 628316 680424
2 655426 813
2 158927 104
3 47668 191211
4 136587
3 838899 53939
3 724354 443182
3 46757 617397
1 711 1072 531
1 1498 1928 441
3 508083 409079
1 683 209 955
4 715831
3 798994 7114
4 15148
1 4 1135 996
3 841584 560324
3 292183 628619
1 552 201 673
3 683039 46254
3 238391 38964
3 262531 137370
2 87818 166
4 812689
3 177216 297519
1 359 1827 252
1 704 143 267
1 746 1665 722
2 85879 66
3 769588 627141
2 361750 316
1 642 1113 212
1 433 1977 563
1 1607 1306 400
3 254706 855241
4 600470
2 836864 627
1 249 1892 876
4 447007
3 274251 82621
2 24889 219
3 712930 739033
3 266382 41529
4 782998
3 331440 467991
3 58008 194626
4 287163
4 468367
4 656823
2 827983 74
4 423351
4 382640
3 259494 370239
2 285438 109
4 710331
3 254683 829954
3 572234 524683
1 837 1320 497
4 539192
4 354484
4 692934
4 776520
3 852219 61205
3 12786 247142
4 828817
1 66 466 534
2 365029 117
2 704916 253
4 771343
3 349763 890689
4 787974
1 709 589 251
1 314 799 974
1 1435 416 829
1 1414 1580 532
3 5560 511088
1 1473 1727 977
4 697241
2 134367 253
3 637707 446736
2 553420 930
3 406023 628237
4 416871
2 345666 799
2 331861 769
1 1320 1288 806
3 458130 593805
1 1834 1706 268
4 526445
3 637051 733940
3 206468 56686
1 883 1346 507
1 848 1216 47
2 620413 129
2 630301 982
1 413 225 103
1 1442 106 558
3 642161 18775
2 881016 443
1 1971 282 188
1 412 1405 905
3 217517 442618
4 377398
2 486515 677
4 858970
3 43363 655613
1 794 520 825
3 637150 462272
4 586143
4 885367
4 908401
1 1402 1350 885
2 903366 167
2 138875 77
3 822188 695150
2 739000 900
3 785114 828650
3 840719 705711
4 105681
1 15 1865 385
1 1430 140 151
4 542706
3 702608 757480
3 2918 164809
1 1259 473 31
4 916354
4 739463
3 584530 746953
2 830407 213
4 850225
1 1487 1876 245
4 191190
4 15118
1 1130 130 499
3 833944 744343
1 286 508 260
3 498915 494451
1 983 724 715
4 762962
1 768 122 113
3 709680 702079
1 443 184 678
3 558027 491108
2 10903 288
1 665 1225 436
1 1616 895 831
1 747 1287 638
1 1496 1951 717
2 131954 652
1 467 1340 198
4 358554
4 173040
2 442691 822
2 240604 592
4 637755
3 219232 161253
1 1372 1640 898
1 713 1264 9
1 1374 278 664
4 728649
2 545356 89
1 1982 68 659
1 938 1149 668
1 1687 1712 526
3 421668 928507
4 80787
4 232874
4 320637
4 23852
4 234681
2 156263 100
1 746 824 468
4 13314
1 1542 126 694
3 534260 869660
4 187845
1 44 1784 818
4 16058
4 454315
4 635651
1 799 428 12
3 613049 650683
3 706687 755063
4 530916
3 248598 569787
4 240340
3 395556 504128
2 357158 90
2 562394 270
4 726146
2 59397 566
1 375 387 893
4 894333
4 752689
1 1797 696 573
4 355934
1 1376 730 66
4 101398
1 304 113 532
1 405 1747 566
3 667021 265377
3 647936 82630
1 1711 654 636
3 406567 373921
1 490 208 366
1 365 214 562
2 210552 262
3 562496 357001
2 552413 965
1 481 837 685
1 306 584 78
3 168402 508572
4 637896
2 694261 877
4 662867
4 596317
1 814 1467 682
4 373372
2 238306 289
2 34725 490
4 443557
4 147582
2 100929 970
3 201078 164870
3 97517 129353
2 744702 106
4 655159
4 341095
3 901238 876764
4 656540
4 785689
2 76835 364
4 412383
4 42074
4 854968
4 615923
4 719961
2 209516 155
3 371579 556031
1 808 164 444
4 821841
2 604799 768
2 235926 37
2 627463 413
4 453766
2 328815 841
1 1507 1191 389
3 251404 727528
1 173 530 375
1 1784 1428 994
3 281286 446428
1 378 1043 898
3 55644 497276
4 47763
3 778414 826694
3 783798 91159
2 95000 351
3 356832 199218
4 205471
3 517027 629909
1 1264 1152 370
1 889 614 565
4 9006
1 500 647 461
4 610835
3 602386 73070
2 651147 502
1 820 528 517
1 512 1011 252
4 223297
2 615416 981
2 596086 60
3 266882 799981
4 556581
1 595 1827 14
3 79857 348096
2 964390 823
1 1603 1056 310
3 810825 44505
3 73170 385807
2 147307 869
4 908732
1 404 458 663
