2000 2000 0
1 2 219
1 3 988
1 4 432
1 5 128
1 6 734
1 7 969
1 8 680
7 9 909
1 10 962
1 11 508
1 12 456
5 13 649
1 14 69
1 15 193
1 16 822
1 17 418
1 18 978
1 19 41
1 20 334
19 21 91
1 22 287
20 23 63
1 24 36
1 25 865
1 26 766
1 27 146
10 28 633
1 29 180
15 30 990
7 31 132
5 32 323
1 33 147
30 34 122
13 35 442
1 36 161
2 37 585
2 38 417
38 39 892
23 40 943
12 41 750
20 42 375
19 43 567
1 44 710
43 45 1000
26 46 948
24 47 913
40 48 375
44 49 308
24 50 195
8 51 421
4 52 393
41 53 935
24 54 421
50 55 711
24 56 105
30 57 873
31 58 271
9 59 577
37 60 961
26 61 492
34 62 817
33 63 965
27 64 980
31 65 344
53 66 391
41 67 446
43 68 488
67 69 858
35 70 220
70 71 162
27 72 700
26 73 47
53 74 453
57 75 403
58 76 859
57 77 35
74 78 460
53 79 158
66 80 649
47 81 838
34 82 279
79 83 18
59 84 373
39 85 384
41 86 391
43 87 333
50 88 712
45 89 100
84 90 604
90 91 570
68 92 756
55 93 667
66 94 345
77 95 992
91 96 344
74 97 154
73 98 931
57 99 327
88 100 995
91 101 702
67 102 295
76 103 827
88 104 702
75 105 246
98 106 268
73 107 693
92 108 511
82 109 825
94 110 686
108 111 167
73 112 794
83 113 377
67 114 877
89 115 488
87 116 650
75 117 320
78 118 293
96 119 769
80 120 88
77 121 226
84 122 62
121 123 847
91 124 179
91 125 122
119 126 686
85 127 794
116 128 41
89 129 409
109 130 813
114 131 669
126 132 764
96 133 924
104 134 425
133 135 205
134 136 487
131 137 836
102 138 107
130 139 103
136 140 314
127 141 59
137 142 402
103 143 597
117 144 924
114 145 5
126 146 485
104 147 536
117 148 504
131 149 373
136 150 734
136 151 492
129 152 707
130 153 90
130 154 869
121 155 928
154 156 677
133 157 257
134 158 425
111 159 837
147 160 813
115 161 636
129 162 902
133 163 176
114 164 65
115 165 355
121 166 107
160 167 138
165 168 414
144 169 473
128 170 219
140 171 440
146 172 196
134 173 545
137 174 599
126 175 854
130 176 917
172 177 618
177 178 57
153 179 49
170 180 591
138 181 265
163 182 922
149 183 85
180 184 872
149 185 261
166 186 480
167 187 924
161 188 865
160 189 656
152 190 762
143 191 976
186 192 366
154 193 628
182 194 158
174 195 593
169 196 404
192 197 228
161 198 605
170 199 922
189 200 795
174 201 381
187 202 155
158 203 1000
174 204 669
185 205 475
157 206 989
183 207 101
166 208 183
189 209 880
185 210 6
190 211 972
170 212 968
203 213 74
208 214 227
204 215 933
199 216 215
192 217 796
171 218 631
217 219 955
173 220 537
179 221 463
197 222 896
189 223 539
176 224 186
196 225 657
201 226 12
181 227 335
225 228 116
197 229 751
209 230 270
189 231 75
205 232 766
226 233 559
192 234 148
217 235 376
193 236 453
195 237 817
195 238 149
236 239 199
206 240 297
207 241 510
198 242 479
236 243 368
201 244 57
215 245 713
201 246 198
239 247 827
235 248 264
231 249 572
239 250 412
203 251 749
240 252 508
209 253 102
240 254 500
243 255 246
215 256 715
234 257 323
249 258 248
237 259 163
230 260 440
233 261 404
240 262 870
240 263 543
217 264 711
235 265 184
237 266 606
229 267 855
265 268 437
236 269 18
249 270 463
227 271 462
236 272 194
263 273 901
265 274 370
266 275 45
253 276 131
233 277 661
271 278 246
251 279 727
250 280 19
279 281 520
280 282 484
260 283 379
257 284 690
277 285 340
283 286 862
254 287 474
245 288 640
252 289 898
241 290 468
276 291 627
253 292 754
260 293 794
289 294 486
265 295 622
273 296 478
249 297 464
279 298 688
251 299 173
261 300 787
278 301 696
278 302 66
260 303 865
268 304 588
288 305 829
266 306 71
291 307 347
258 308 983
290 309 448
266 310 1000
299 311 49
274 312 528
298 313 167
286 314 450
273 315 580
289 316 994
310 317 522
299 318 189
291 319 543
280 320 49
293 321 661
273 322 661
300 323 698
319 324 913
285 325 203
277 326 150
282 327 886
307 328 611
304 329 623
309 330 787
297 331 403
312 332 369
317 333 57
295 334 255
318 335 168
300 336 470
326 337 118
312 338 703
325 339 323
305 340 443
299 341 720
309 342 943
333 343 834
317 344 951
338 345 136
311 346 396
335 347 136
344 348 590
342 349 184
322 350 697
321 351 587
306 352 190
317 353 710
304 354 182
321 355 85
330 356 205
326 357 277
322 358 349
325 359 809
351 360 454
353 361 549
352 362 790
320 363 840
353 364 597
328 365 797
360 366 101
358 367 460
360 368 208
363 369 856
330 370 226
352 371 204
340 372 865
349 373 846
345 374 153
340 375 993
375 376 448
352 377 812
350 378 2
353 379 88
336 380 365
355 381 822
337 382 275
370 383 136
339 384 135
358 385 555
362 386 156
346 387 918
345 388 686
363 389 73
375 390 668
345 391 582
369 392 711
376 393 898
362 394 938
369 395 372
357 396 153
364 397 422
397 398 949
389 399 828
363 400 706
366 401 842
363 402 391
378 403 246
365 404 23
375 405 226
384 406 958
372 407 326
388 408 820
398 409 491
370 410 53
391 411 995
403 412 72
375 413 475
411 414 83
414 415 541
395 416 964
395 417 181
408 418 810
408 419 60
376 420 436
419 421 407
386 422 714
384 423 830
423 424 302
399 425 925
381 426 526
386 427 552
396 428 195
407 429 211
383 430 990
421 431 872
382 432 164
397 433 870
420 434 431
423 435 858
424 436 783
409 437 228
415 438 839
426 439 194
401 440 337
415 441 781
412 442 77
433 443 617
425 444 517
421 445 993
407 446 888
402 447 155
403 448 197
406 449 531
448 450 734
421 451 487
449 452 855
446 453 238
437 454 632
434 455 87
444 456 260
439 457 343
425 458 187
430 459 203
441 460 181
415 461 347
456 462 625
436 463 481
447 464 350
428 465 18
459 466 417
435 467 231
435 468 727
441 469 275
444 470 620
425 471 44
450 472 216
455 473 321
462 474 617
430 475 491
453 476 605
440 477 678
442 478 19
449 479 240
479 480 210
474 481 367
473 482 432
459 483 456
474 484 176
475 485 216
457 486 717
460 487 372
472 488 367
462 489 368
466 490 616
446 491 653
491 492 86
444 493 23
455 494 206
471 495 198
479 496 896
490 497 743
487 498 326
489 499 117
458 500 857
473 501 544
462 502 36
487 503 796
496 504 618
494 505 209
487 506 842
505 507 319
467 508 856
462 509 171
480 510 123
508 511 23
464 512 987
499 513 447
490 514 834
510 515 718
507 516 981
484 517 779
511 518 330
511 519 570
505 520 185
508 521 928
487 522 902
518 523 263
486 524 70
507 525 983
519 526 308
511 527 991
508 528 339
481 529 549
509 530 637
490 531 493
505 532 484
504 533 916
521 534 136
513 535 347
490 536 685
489 537 19
524 538 343
535 539 920
531 540 383
507 541 728
532 542 625
502 543 93
525 544 256
505 545 724
537 546 601
499 547 177
524 548 79
505 549 64
529 550 351
505 551 283
513 552 728
534 553 894
542 554 773
546 555 615
537 556 4
517 557 971
551 558 116
532 559 77
518 560 197
523 561 155
546 562 479
553 563 390
552 564 248
525 565 885
560 566 552
556 567 719
556 568 659
542 569 264
522 570 993
546 571 555
555 572 936
557 573 989
526 574 829
573 575 556
534 576 26
547 577 78
533 578 95
540 579 33
561 580 351
571 581 39
537 582 51
551 583 22
560 584 718
551 585 596
544 586 4
537 587 600
548 588 650
563 589 570
554 590 373
579 591 423
551 592 983
551 593 810
585 594 188
586 595 488
563 596 189
592 597 291
596 598 674
574 599 779
594 600 266
565 601 472
596 602 479
570 603 298
555 604 172
555 605 57
557 606 350
567 607 755
571 608 567
607 609 741
566 610 100
599 611 247
592 612 11
594 613 143
578 614 263
588 615 963
614 616 586
591 617 432
575 618 588
616 619 215
597 620 615
574 621 566
613 622 528
581 623 637
593 624 770
577 625 787
611 626 787
581 627 980
622 628 219
619 629 648
614 630 33
594 631 132
608 632 108
597 633 810
596 634 458
629 635 564
635 636 548
627 637 773
617 638 605
617 639 474
638 640 849
613 641 313
639 642 176
613 643 483
620 644 173
626 645 538
614 646 282
646 647 115
633 648 931
621 649 915
619 650 348
644 651 870
618 652 203
615 653 269
627 654 516
640 655 799
616 656 316
644 657 900
611 658 148
619 659 201
646 660 458
649 661 74
617 662 683
631 663 684
632 664 928
644 665 160
617 666 570
623 667 577
627 668 927
621 669 354
663 670 601
658 671 666
631 672 382
652 673 649
668 674 314
650 675 91
665 676 251
649 677 126
650 678 541
642 679 493
637 680 195
676 681 581
651 682 61
668 683 940
637 684 535
659 685 608
682 686 930
641 687 230
686 688 527
686 689 173
666 690 441
663 691 423
665 692 754
654 693 859
650 694 969
683 695 82
651 696 686
650 697 736
673 698 646
680 699 978
683 700 964
700 701 637
656 702 114
694 703 746
669 704 352
674 705 686
686 706 810
657 707 785
693 708 295
692 709 268
695 710 87
708 711 257
700 712 929
699 713 438
688 714 262
674 715 41
687 716 465
687 717 943
707 718 274
675 719 425
710 720 482
701 721 392
677 722 159
716 723 294
691 724 67
718 725 185
680 726 442
689 727 263
709 728 190
690 729 667
708 730 591
691 731 398
683 732 669
701 733 625
732 734 530
702 735 698
694 736 197
707 737 888
692 738 825
691 739 708
708 740 728
726 741 100
704 742 577
735 743 824
737 744 989
714 745 709
706 746 224
714 747 238
740 748 522
716 749 985
717 750 835
702 751 249
746 752 900
714 753 251
726 754 961
749 755 863
724 756 846
751 757 828
721 758 670
735 759 49
726 760 720
751 761 193
715 762 740
741 763 886
728 764 873
730 765 557
764 766 543
756 767 299
738 768 871
724 769 167
751 770 831
738 771 372
738 772 742
769 773 886
732 774 699
762 775 89
768 776 407
736 777 563
729 778 971
765 779 226
777 780 578
766 781 792
741 782 670
751 783 77
735 784 15
745 785 424
776 786 717
786 787 393
756 788 993
742 789 598
752 790 591
770 791 251
762 792 708
783 793 314
757 794 926
793 795 424
794 796 832
747 797 896
756 798 409
793 799 651
759 800 453
774 801 83
776 802 91
797 803 154
803 804 728
783 805 826
784 806 316
769 807 596
793 808 103
797 809 728
786 810 590
786 811 437
803 812 930
809 813 810
808 814 802
789 815 917
786 816 730
810 817 821
774 818 427
789 819 757
782 820 877
776 821 957
802 822 11
783 823 666
781 824 618
792 825 901
805 826 900
803 827 974
780 828 322
796 829 211
811 830 753
826 831 77
805 832 751
823 833 691
797 834 934
789 835 29
815 836 968
806 837 767
811 838 604
819 839 26
794 840 605
835 841 332
801 842 233
839 843 400
812 844 808
806 845 896
829 846 512
816 847 649
800 848 197
834 849 395
847 850 124
841 851 721
825 852 827
831 853 563
846 854 882
812 855 248
809 856 962
820 857 91
836 858 159
812 859 208
827 860 574
843 861 846
833 862 999
827 863 886
828 864 869
843 865 16
825 866 175
839 867 14
839 868 13
823 869 830
833 870 757
844 871 849
837 872 489
851 873 455
847 874 590
843 875 66
858 876 230
833 877 546
865 878 871
859 879 330
868 880 248
872 881 793
874 882 992
857 883 639
849 884 457
865 885 150
881 886 757
856 887 396
844 888 508
861 889 932
854 890 894
860 891 316
883 892 583
868 893 297
887 894 306
887 895 368
860 896 183
852 897 602
868 898 103
857 899 435
865 900 159
897 901 343
867 902 556
885 903 700
870 904 236
877 905 233
863 906 666
867 907 35
865 908 322
860 909 464
874 910 40
888 911 759
874 912 947
906 913 985
864 914 342
891 915 903
889 916 945
880 917 31
878 918 867
905 919 590
906 920 776
879 921 960
883 922 370
880 923 436
902 924 386
901 925 724
924 926 954
917 927 474
919 928 53
914 929 193
922 930 109
923 931 182
911 932 335
902 933 930
912 934 212
913 935 320
921 936 724
887 937 665
904 938 136
933 939 868
935 940 86
900 941 17
929 942 266
918 943 704
925 944 814
932 945 313
910 946 502
918 947 871
923 948 913
921 949 285
948 950 86
950 951 735
941 952 79
928 953 895
926 954 163
919 955 655
949 956 544
908 957 366
927 958 977
912 959 13
949 960 567
920 961 221
942 962 778
956 963 31
915 964 603
942 965 374
917 966 834
923 967 455
955 968 498
932 969 568
941 970 878
970 971 76
959 972 32
931 973 183
938 974 38
930 975 790
932 976 185
938 977 42
967 978 690
962 979 33
935 980 275
948 981 970
945 982 19
938 983 718
971 984 127
959 985 377
971 986 24
981 987 486
974 988 33
975 989 600
943 990 732
990 991 440
985 992 605
973 993 317
971 994 326
957 995 476
989 996 988
979 997 853
981 998 105
993 999 456
960 1000 135
962 1001 582
975 1002 900
953 1003 75
984 1004 786
956 1005 664
959 1006 84
960 1007 560
1003 1008 836
1008 1009 140
979 1010 264
1008 1011 189
983 1012 630
1011 1013 444
992 1014 940
981 1015 67
1005 1016 642
983 1017 29
969 1018 770
1005 1019 984
1004 1020 205
974 1021 114
1020 1022 822
1019 1023 859
999 1024 951
989 1025 539
996 1026 976
1003 1027 743
1005 1028 610
1004 1029 317
981 1030 255
991 1031 315
1004 1032 217
983 1033 283
1009 1034 699
1000 1035 458
1034 1036 755
1025 1037 461
1025 1038 723
1027 1039 998
997 1040 255
1035 1041 751
999 1042 816
1001 1043 777
999 1044 2
1011 1045 436
1011 1046 145
1032 1047 511
1043 1048 718
1005 1049 820
1005 1050 968
1015 1051 581
1007 1052 485
1045 1053 60
1035 1054 957
1008 1055 374
1042 1056 54
1008 1057 797
1042 1058 985
1048 1059 880
1055 1060 814
1023 1061 903
1016 1062 100
1019 1063 217
1055 1064 274
1018 1065 62
1045 1066 579
1064 1067 879
1022 1068 267
1064 1069 341
1045 1070 284
1023 1071 696
1050 1072 635
1028 1073 722
1031 1074 867
1047 1075 223
1075 1076 887
1037 1077 730
1038 1078 570
1078 1079 200
1079 1080 821
1079 1081 998
1062 1082 275
1060 1083 198
1076 1084 591
1038 1085 150
1068 1086 945
1046 1087 410
1069 1088 952
1051 1089 404
1061 1090 792
1042 1091 157
1077 1092 862
1082 1093 523
1045 1094 706
1049 1095 537
1075 1096 224
1081 1097 145
1080 1098 459
1065 1099 717
1082 1100 978
1078 1101 866
1066 1102 358
1059 1103 551
1056 1104 142
1087 1105 559
1063 1106 241
1083 1107 702
1105 1108 85
1079 1109 686
1074 1110 213
1075 1111 153
1075 1112 77
1064 1113 699
1089 1114 834
1085 1115 513
1075 1116 132
1080 1117 87
1112 1118 739
1081 1119 310
1077 1120 574
1102 1121 992
1089 1122 38
1085 1123 424
1111 1124 596
1092 1125 305
1113 1126 870
1125 1127 964
1102 1128 637
1081 1129 250
1081 1130 579
1130 1131 241
1094 1132 672
1101 1133 90
1129 1134 98
1116 1135 330
1113 1136 266
1126 1137 220
1132 1138 929
1104 1139 695
1130 1140 508
1135 1141 56
1106 1142 709
1138 1143 111
1141 1144 376
1104 1145 563
1102 1146 406
1142 1147 337
1110 1148 749
1142 1149 289
1143 1150 955
1112 1151 666
1117 1152 681
1137 1153 112
1145 1154 954
1109 1155 984
1126 1156 310
1107 1157 280
1144 1158 379
1124 1159 64
1128 1160 32
1126 1161 218
1127 1162 757
1118 1163 173
1158 1164 749
1143 1165 567
1146 1166 647
1126 1167 730
1131 1168 637
1119 1169 754
1137 1170 435
1137 1171 809
1158 1172 572
1164 1173 175
1150 1174 192
1126 1175 164
1138 1176 533
1167 1177 421
1130 1178 527
1172 1179 611
1161 1180 433
1177 1181 306
1170 1182 144
1140 1183 455
1155 1184 335
1177 1185 686
1147 1186 589
1156 1187 854
1158 1188 22
1174 1189 314
1181 1190 254
1179 1191 71
1153 1192 105
1162 1193 857
1167 1194 438
1145 1195 680
1166 1196 585
1179 1197 327
1169 1198 550
1180 1199 302
1157 1200 281
1185 1201 857
1180 1202 16
1198 1203 100
1193 1204 717
1172 1205 244
1204 1206 111
1157 1207 247
1203 1208 196
1198 1209 378
1203 1210 244
1162 1211 649
1201 1212 927
1163 1213 107
1184 1214 179
1203 1215 396
1190 1216 378
1173 1217 760
1212 1218 855
1218 1219 681
1175 1220 402
1190 1221 277
1213 1222 482
1207 1223 161
1185 1224 439
1202 1225 951
1194 1226 529
1212 1227 834
1203 1228 244
1209 1229 298
1214 1230 159
1213 1231 238
1197 1232 60
1187 1233 208
1226 1234 648
1205 1235 337
1227 1236 287
1191 1237 143
1201 1238 433
1204 1239 785
1216 1240 101
1191 1241 90
1198 1242 118
1242 1243 410
1220 1244 209
1222 1245 947
1223 1246 523
1212 1247 633
1229 1248 73
1236 1249 807
1237 1250 359
1237 1251 921
1229 1252 412
1210 1253 938
1247 1254 13
1248 1255 172
1223 1256 372
1218 1257 731
1221 1258 260
1223 1259 940
1221 1260 886
1213 1261 18
1226 1262 545
1237 1263 490
1228 1264 768
1251 1265 249
1223 1266 123
1247 1267 110
1244 1268 842
1251 1269 640
1221 1270 678
1251 1271 24
1262 1272 280
1250 1273 325
1227 1274 156
1227 1275 734
1257 1276 662
1255 1277 268
1276 1278 641
1258 1279 527
1276 1280 835
1256 1281 163
1271 1282 141
1247 1283 942
1250 1284 435
1284 1285 200
1254 1286 223
1243 1287 98
1239 1288 727
1277 1289 614
1273 1290 911
1253 1291 373
1271 1292 24
1246 1293 733
1286 1294 892
1283 1295 899
1257 1296 820
1281 1297 586
1270 1298 519
1249 1299 653
1284 1300 727
1271 1301 663
1277 1302 736
1281 1303 294
1299 1304 629
1303 1305 539
1265 1306 399
1264 1307 54
1303 1308 342
1278 1309 196
1281 1310 764
1291 1311 541
1286 1312 850
1281 1313 523
1311 1314 466
1299 1315 345
1306 1316 631
1304 1317 321
1306 1318 681
1284 1319 162
1313 1320 88
1291 1321 696
1278 1322 827
1277 1323 445
1274 1324 112
1278 1325 21
1289 1326 202
1298 1327 904
1324 1328 136
1291 1329 716
1329 1330 31
1321 1331 518
1329 1332 716
1288 1333 187
1313 1334 421
1317 1335 779
1329 1336 180
1295 1337 428
1289 1338 702
1311 1339 401
1324 1340 465
1297 1341 548
1307 1342 773
1312 1343 203
1323 1344 165
1343 1345 457
1303 1346 246
1298 1347 849
1343 1348 128
1348 1349 827
1336 1350 139
1340 1351 629
1347 1352 983
1318 1353 73
1341 1354 168
1327 1355 13
1322 1356 288
1340 1357 32
1330 1358 128
1352 1359 858
1317 1360 627
1358 1361 231
1329 1362 401
1362 1363 672
1318 1364 451
1364 1365 94
1341 1366 973
1363 1367 662
1340 1368 813
1347 1369 551
1339 1370 514
1370 1371 951
1327 1372 638
1365 1373 916
1324 1374 132
1341 1375 769
1359 1376 268
1330 1377 163
1374 1378 312
1367 1379 726
1360 1380 422
1331 1381 495
1366 1382 348
1374 1383 810
1337 1384 389
1375 1385 969
1354 1386 413
1370 1387 596
1371 1388 326
1356 1389 279
1383 1390 185
1351 1391 215
1342 1392 607
1354 1393 322
1379 1394 302
1389 1395 363
1378 1396 178
1355 1397 590
1353 1398 273
1384 1399 743
1364 1400 1000
1357 1401 573
1386 1402 67
1390 1403 105
1379 1404 640
1378 1405 276
1399 1406 912
1385 1407 784
1407 1408 887
1398 1409 626
1366 1410 233
1400 1411 913
1381 1412 721
1366 1413 773
1377 1414 85
1408 1415 49
1383 1416 664
1410 1417 184
1389 1418 827
1391 1419 658
1411 1420 460
1412 1421 697
1376 1422 379
1420 1423 833
1417 1424 363
1393 1425 463
1391 1426 437
1422 1427 31
1381 1428 771
1397 1429 700
1409 1430 337
1404 1431 846
1391 1432 229
1419 1433 6
1388 1434 232
1412 1435 934
1433 1436 396
1429 1437 356
1399 1438 58
1421 1439 415
1417 1440 550
1423 1441 30
1409 1442 425
1411 1443 177
1422 1444 601
1444 1445 333
1405 1446 877
1415 1447 906
1411 1448 193
1413 1449 853
1435 1450 81
1446 1451 848
1428 1452 200
1441 1453 24
1450 1454 502
1454 1455 440
1447 1456 247
1420 1457 588
1440 1458 478
1452 1459 853
1438 1460 36
1419 1461 599
1414 1462 484
1416 1463 868
1416 1464 77
1423 1465 738
1464 1466 257
1439 1467 742
1434 1468 75
1422 1469 939
1455 1470 193
1431 1471 911
1450 1472 673
1447 1473 975
1424 1474 135
1435 1475 383
1437 1476 798
1435 1477 55
1447 1478 741
1473 1479 182
1438 1480 761
1469 1481 521
1461 1482 840
1480 1483 629
1479 1484 756
1451 1485 986
1479 1486 579
1486 1487 226
1446 1488 476
1474 1489 882
1448 1490 987
1456 1491 548
1481 1492 55
1447 1493 9
1477 1494 794
1447 1495 424
1457 1496 958
1468 1497 472
1468 1498 735
1455 1499 426
1486 1500 357
1455 1501 610
1466 1502 686
1462 1503 247
1492 1504 744
1492 1505 252
1488 1506 43
1457 1507 425
1458 1508 656
1484 1509 802
1468 1510 668
1461 1511 924
1504 1512 470
1512 1513 324
1471 1514 336
1488 1515 305
1496 1516 839
1479 1517 888
1516 1518 554
1483 1519 409
1485 1520 464
1489 1521 769
1474 1522 850
1496 1523 204
1520 1524 235
1515 1525 376
1485 1526 493
1511 1527 730
1493 1528 202
1515 1529 866
1503 1530 18
1519 1531 696
1482 1532 410
1505 1533 497
1496 1534 816
1502 1535 79
1534 1536 531
1536 1537 479
1522 1538 686
1520 1539 137
1505 1540 351
1519 1541 232
1497 1542 339
1496 1543 93
1521 1544 314
1514 1545 846
1500 1546 64
1518 1547 661
1498 1548 649
1541 1549 906
1518 1550 722
1549 1551 92
1542 1552 804
1527 1553 393
1522 1554 99
1541 1555 318
1521 1556 160
1522 1557 957
1544 1558 114
1527 1559 738
1525 1560 15
1538 1561 166
1552 1562 177
1518 1563 43
1540 1564 691
1560 1565 648
1556 1566 1000
1540 1567 807
1522 1568 635
1525 1569 702
1531 1570 264
1562 1571 486
1554 1572 556
1540 1573 607
1563 1574 666
1528 1575 272
1563 1576 987
1564 1577 30
1530 1578 776
1539 1579 31
1553 1580 385
1565 1581 152
1538 1582 388
1560 1583 708
1554 1584 72
1578 1585 970
1549 1586 455
1542 1587 209
1557 1588 757
1559 1589 768
1557 1590 388
1548 1591 321
1559 1592 303
1571 1593 677
1550 1594 893
1568 1595 184
1552 1596 430
1551 1597 631
1592 1598 725
1553 1599 984
1582 1600 510
1593 1601 554
1569 1602 784
1599 1603 305
1559 1604 261
1598 1605 895
1596 1606 608
1584 1607 725
1572 1608 851
1578 1609 662
1580 1610 73
1606 1611 826
1610 1612 745
1572 1613 330
1579 1614 431
1575 1615 632
1595 1616 749
1574 1617 299
1606 1618 925
1571 1619 685
1572 1620 940
1600 1621 217
1609 1622 689
1600 1623 47
1581 1624 528
1594 1625 199
1612 1626 142
1616 1627 25
1598 1628 548
1592 1629 309
1581 1630 329
1602 1631 769
1608 1632 213
1591 1633 722
1606 1634 127
1597 1635 905
1594 1636 564
1601 1637 954
1637 1638 342
1621 1639 988
1620 1640 344
1613 1641 492
1614 1642 275
1595 1643 171
1633 1644 280
1612 1645 999
1608 1646 924
1627 1647 488
1633 1648 137
1631 1649 253
1614 1650 423
1606 1651 554
1641 1652 628
1641 1653 728
1617 1654 89
1642 1655 258
1610 1656 452
1615 1657 555
1651 1658 339
1630 1659 93
1636 1660 422
1619 1661 396
1615 1662 265
1653 1663 546
1638 1664 857
1628 1665 464
1627 1666 109
1640 1667 126
1626 1668 231
1655 1669 119
1644 1670 691
1633 1671 142
1633 1672 916
1661 1673 169
1645 1674 317
1634 1675 12
1670 1676 910
1629 1677 1000
1642 1678 2
1646 1679 869
1645 1680 710
1673 1681 400
1656 1682 98
1674 1683 857
1673 1684 797
1675 1685 292
1684 1686 357
1639 1687 92
1645 1688 162
1683 1689 971
1650 1690 556
1649 1691 845
1644 1692 467
1651 1693 962
1687 1694 127
1658 1695 380
1651 1696 136
1694 1697 138
1652 1698 40
1668 1699 985
1661 1700 528
1674 1701 85
1696 1702 984
1687 1703 250
1677 1704 726
1702 1705 157
1688 1706 912
1686 1707 324
1684 1708 804
1664 1709 949
1667 1710 162
1707 1711 797
1673 1712 890
1684 1713 940
1699 1714 608
1692 1715 969
1670 1716 88
1692 1717 926
1692 1718 733
1689 1719 364
1706 1720 674
1681 1721 445
1705 1722 802
1680 1723 255
1696 1724 450
1700 1725 832
1686 1726 267
1689 1727 486
1712 1728 908
1703 1729 426
1710 1730 67
1707 1731 344
1696 1732 990
1719 1733 445
1697 1734 796
1733 1735 664
1726 1736 334
1715 1737 208
1688 1738 468
1722 1739 915
1737 1740 200
1700 1741 326
1712 1742 100
1729 1743 227
1710 1744 679
1698 1745 896
1712 1746 169
1727 1747 35
1743 1748 603
1740 1749 846
1720 1750 552
1749 1751 731
1722 1752 115
1733 1753 162
1743 1754 285
1751 1755 965
1750 1756 893
1722 1757 845
1720 1758 460
1720 1759 104
1751 1760 708
1718 1761 654
1736 1762 452
1733 1763 398
1738 1764 384
1747 1765 519
1720 1766 344
1762 1767 857
1731 1768 500
1738 1769 649
1756 1770 952
1727 1771 946
1736 1772 587
1768 1773 795
1724 1774 567
1758 1775 380
1753 1776 188
1769 1777 510
1741 1778 69
1767 1779 406
1759 1780 335
1765 1781 188
1732 1782 711
1738 1783 431
1777 1784 95
1759 1785 994
1775 1786 420
1742 1787 879
1743 1788 459
1784 1789 251
1776 1790 539
1747 1791 651
1781 1792 615
1761 1793 518
1759 1794 172
1764 1795 992
1748 1796 32
1772 1797 747
1788 1798 868
1795 1799 308
1762 1800 480
1790 1801 737
1752 1802 556
1757 1803 320
1797 1804 981
1790 1805 235
1768 1806 859
1773 1807 786
1768 1808 584
1804 1809 20
1799 1810 498
1806 1811 490
1807 1812 828
1806 1813 136
1777 1814 433
1784 1815 122
1799 1816 685
1774 1817 156
1792 1818 240
1772 1819 939
1783 1820 364
1786 1821 592
1790 1822 704
1817 1823 942
1778 1824 543
1818 1825 964
1778 1826 890
1799 1827 896
1793 1828 45
1792 1829 96
1803 1830 159
1830 1831 569
1783 1832 538
1799 1833 520
1817 1834 969
1810 1835 878
1807 1836 175
1802 1837 831
1837 1838 201
1804 1839 340
1800 1840 901
1832 1841 139
1801 1842 531
1820 1843 551
1818 1844 507
1812 1845 921
1833 1846 823
1833 1847 308
1802 1848 150
1838 1849 314
1805 1850 232
1810 1851 699
1838 1852 112
1832 1853 13
1819 1854 554
1815 1855 793
1822 1856 795
1849 1857 102
1823 1858 903
1827 1859 349
1821 1860 463
1813 1861 600
1836 1862 353
1862 1863 472
1830 1864 938
1853 1865 574
1843 1866 375
1830 1867 642
1860 1868 367
1868 1869 391
1860 1870 505
1858 1871 578
1870 1872 250
1849 1873 323
1824 1874 478
1857 1875 30
1832 1876 2
1847 1877 208
1857 1878 272
1868 1879 315
1844 1880 736
1871 1881 346
1837 1882 309
1847 1883 647
1864 1884 38
1859 1885 98
1863 1886 321
1878 1887 829
1883 1888 387
1845 1889 750
1851 1890 922
1887 1891 847
1861 1892 630
1884 1893 81
1853 1894 116
1878 1895 178
1883 1896 48
1857 1897 523
1856 1898 245
1883 1899 318
1860 1900 879
1896 1901 211
1898 1902 955
1854 1903 501
1901 1904 567
1857 1905 4
1879 1906 100
1867 1907 926
1896 1908 771
1869 1909 942
1896 1910 829
1874 1911 874
1873 1912 924
1906 1913 205
1895 1914 647
1892 1915 877
1909 1916 321
1915 1917 479
1873 1918 974
1912 1919 16
1875 1920 919
1909 1921 578
1893 1922 684
1893 1923 111
1907 1924 66
1886 1925 988
1891 1926 893
1894 1927 478
1922 1928 452
1907 1929 503
1891 1930 188
1891 1931 9
1882 1932 149
1905 1933 675
1909 1934 373
1902 1935 892
1924 1936 188
1907 1937 365
1893 1938 140
1890 1939 511
1910 1940 524
1894 1941 152
1908 1942 142
1905 1943 534
1895 1944 234
1903 1945 971
1917 1946 733
1925 1947 295
1927 1948 582
1941 1949 740
1900 1950 289
1945 1951 885
1935 1952 631
1903 1953 403
1938 1954 236
1921 1955 460
1940 1956 171
1943 1957 833
1916 1958 559
1920 1959 629
1911 1960 863
1959 1961 817
1957 1962 195
1926 1963 972
1943 1964 323
1961 1965 294
1948 1966 434
1931 1967 871
1949 1968 993
1941 1969 263
1959 1970 662
1962 1971 906
1970 1972 31
1953 1973 529
1948 1974 114
1956 1975 761
1956 1976 395
1967 1977 516
1940 1978 495
1978 1979 157
1932 1980 934
1943 1981 848
1941 1982 241
1974 1983 377
1955 1984 715
1971 1985 64
1980 1986 571
1976 1987 182
1950 1988 353
1941 1989 23
1959 1990 520
1950 1991 118
1979 1992 823
1951 1993 530
1954 1994 739
1964 1995 462
1969 1996 631
1988 1997 814
1959 1998 624
1972 1999 199
1987 2000 958
3 599 1100
3 973 1496
2 767 846
2 420 856
1 1271 1146 68
1 984 1383 321
3 4389 1087
3 2532 1520
2 4098 811
1 1426 714 933
2 6769 560
2 8493 595
1 318 1318 161
3 11335 10500
3 337 7754
1 1926 898 198
3 2296 3832
2 11166 310
1 674 552 73
1 564 514 169
4 2916
4 1105
1 419 704 480
4 4514
2 9170 432
3 2056 5066
4 438
2 9499 159
1 770 623 964
4 10781
1 1612 632 631
4 13149
2 8282 82
2 16414 644
4 11361
2 9614 317
4 18130
3 11699 17651
4 23478
2 23601 514
3 469 23048
2 2181 190
1 1425 1 251
2 26964 54
4 17736
3 8401 19596
4 10583
1 202 1331 309
4 10081
2 22155 518
3 15471 16426
1 641 233 938
1 107 1795 351
4 15364
4 28579
4 12971
3 26766 12265
2 20593 132
2 19987 618
2 23524 21
3 26325 25638
4 29840
4 37619
1 1951 342 400
2 2514 573
4 14449
4 13277
1 1203 1755 806
3 3805 21516
4 28639
3 2617 19036
4 25068
1 617 949 331
3 32282 12339
2 33200 394
4 3718
1 938 1805 628
4 14875
2 8052 536
4 7209
4 17274
4 1274
2 1438 59
3 15001 31264
3 16489 42906
2 9752 586
4 35706
2 20203 222
2 43163 87
3 801 18191
1 1762 722 334
4 8721
4 10861
2 48306 353
2 19851 664
4 53585
2 7315 559
3 2242 32255
4 35170
4 10692
4 19162
2 39544 727
4 23084
1 533 317 269
3 57764 47947
3 29773 48486
3 33637 56833
1 836 896 89
4 27713
1 1331 1642 354
3 44243 9186
1 342 1225 123
2 19429 597
1 1066 1182 441
1 94 505 70
3 31828 42384
1 1770 252 843
3 17395 39576
4 10701
1 840 964 391
2 16963 581
3 42963 24184
3 54 2266
3 15940 35405
2 46584 390
1 1406 571 759
2 40346 461
3 20283 49042
4 59565
3 46093 42202
1 1040 1599 590
1 203 1305 976
1 1020 1804 609
3 37174 43561
3 29132 38920
1 694 1076 204
1 1260 777 259
2 33275 149
2 66050 734
4 28318
4 15412
4 57211
3 67837 26829
3 49283 7965
4 55059
4 43573
1 352 1769 839
1 959 1074 835
3 50097 33888
2 11158 646
4 54910
3 16384 27135
3 49576 20016
2 70738 303
3 21535 19965
1 1846 1077 116
3 49390 66390
1 524 847 764
3 29874 58779
2 32357 645
3 52215 55248
3 31912 22591
3 6105 2347
3 73029 9003
4 34415
3 77087 31102
2 51302 624
4 16040
3 66767 67396
3 74816 19518
3 41186 64261
2 46383 949
2 25397 277
3 30548 21839
2 76129 696
2 51653 854
1 382 1722 373
1 685 471 456
3 22744 75614
2 4431 319
3 25226 49674
4 36829
4 13282
3 84983 9309
2 11103 234
2 73054 306
2 78012 832
3 83932 93653
3 16922 33476
4 50811
2 58167 485
2 36569 485
4 5252
3 53065 50862
2 25918 463
4 60014
2 91346 720
3 39718 34426
4 103409
4 31299
1 506 1980 709
1 1717 248 105
1 1746 1760 839
2 16950 843
2 77816 685
3 46121 83568
2 44407 87
2 3412 10
3 76149 73178
2 80355 798
2 5515 147
3 112516 47696
2 48343 496
1 1915 1970 399
3 32176 55089
2 57050 748
4 112891
1 1322 295 18
3 64353 47535
4 81229
3 93457 22271
3 53782 101519
3 90092 84760
4 67874
2 80350 380
3 29965 427
2 8611 738
4 117958
1 1368 1650 442
3 103422 26084
2 64342 740
1 1205 905 184
3 83951 16496
2 41533 523
1 1840 721 992
1 520 1804 825
2 125611 974
1 1308 1212 904
1 512 987 644
2 45059 396
3 85629 38888
2 58900 908
1 1812 754 326
1 1695 1908 814
4 112296
1 836 255 287
3 86832 85876
1 1122 637 439
4 47065
3 7969 34693
3 103627 123452
1 790 382 736
4 108287
1 206 947 459
1 184 1260 139
4 88638
4 68703
1 97 1171 82
3 13875 9939
3 130585 61908
1 1476 1886 789
1 1142 1053 144
4 7409
1 685 700 520
2 115862 645
2 24545 881
2 82239 113
3 118230 103462
1 1180 1903 10
4 94987
1 78 37 499
1 906 1234 668
2 124754 264
4 89898
1 1367 503 317
2 105370 707
2 25686 760
2 131416 246
4 31641
3 59086 121172
4 15850
4 20690
2 113747 503
3 141958 39072
4 66928
4 13246
4 103186
2 144743 233
2 4066 455
4 127361
3 87707 109774
1 924 1477 839
1 249 1936 832
3 122414 16622
2 87725 337
4 9125
3 26645 18358
3 124177 78313
1 182 1766 570
4 134661
2 68221 504
1 678 1700 672
1 1219 575 428
1 410 1771 58
1 636 904 68
3 151850 14008
3 3052 146102
2 91449 271
3 113921 51498
2 149054 520
4 68042
4 14145
3 78400 46362
3 132028 161190
2 155179 477
1 596 857 174
2 73423 407
1 1890 351 944
2 161053 873
2 78773 501
2 1024 385
3 127472 88514
4 163088
2 117857 195
1 1510 228 849
2 4078 634
4 70406
1 683 412 796
2 77706 923
2 128719 832
2 125826 573
1 625 698 700
1 1630 1381 55
4 122203
1 1500 1024 820
1 948 1817 840
3 116320 26956
4 44076
1 1531 406 584
4 47030
3 35978 145399
2 2793 231
1 469 1900 39
1 1259 907 317
2 160788 441
4 65755
1 1192 1253 772
3 100281 96976
2 29432 712
3 28741 62833
1 540 2000 536
2 122316 710
1 896 782 440
2 163823 199
2 74897 231
4 153783
1 1894 372 453
2 99130 432
3 132810 158143
4 21080
2 65074 941
3 111831 64690
3 24687 190523
1 1826 1304 590
4 39302
2 60754 18
2 39 632
4 198696
2 174827 174
4 3865
4 49371
1 735 1847 697
2 121179 883
3 114757 34983
2 204715 62
1 600 1622 225
4 52546
1 1416 991 517
4 30368
1 435 1627 340
1 28 1963 947
3 11218 203763
3 73516 4597
1 1769 1684 102
1 1657 55 574
2 194723 258
3 85845 129987
2 152988 993
2 132749 405
4 144708
1 1461 1313 30
4 123377
1 1397 1497 459
4 196705
3 108762 185136
4 141669
2 34968 378
2 63542 505
4 180586
2 37185 526
2 101242 341
2 201187 943
4 222262
2 133140 110
4 61580
2 22527 748
2 164237 804
1 1033 434 199
2 153424 591
4 81577
3 148447 203556
1 1628 65 425
4 222581
2 121435 404
1 687 1069 255
4 200222
2 99002 337
3 63007 219810
2 170274 607
2 193204 348
3 143699 42041
2 45526 608
3 203434 113021
4 74401
2 30214 849
1 1342 1882 300
4 92587
4 146760
4 160247
1 1924 1328 306
1 391 1311 253
3 59314 55753
1 1168 1784 886
4 55175
1 577 1867 410
1 1890 1537 733
2 138253 178
3 163077 187042
3 209057 37419
3 237897 115989
4 49719
3 20124 17271
1 582 102 599
3 175596 165093
2 150141 855
1 857 1100 234
4 76733
1 260 167 526
1 941 594 271
3 208757 217382
3 142019 125550
2 112182 696
4 194288
3 29893 94500
4 56705
1 547 189 738
3 62391 56400
1 1812 960 180
1 814 64 511
4 181336
3 215885 66419
1 1190 836 78
4 225710
4 187372
4 7825
4 244268
1 1567 54 464
3 229658 164098
1 1269 593 102
4 23955
4 93746
2 172733 10
4 36411
3 249299 15064
2 216042 23
4 194802
4 30211
1 157 613 616
3 76260 194248
1 760 1511 331
4 160173
1 29 1092 722
1 1665 72 800
1 535 1749 73
2 49707 96
2 246845 245
3 183759 121938
2 205286 518
4 8630
2 72330 564
2 9897 227
2 254374 125
2 114029 673
1 301 1916 87
4 68431
3 171277 16416
1 1421 174 127
2 90301 445
1 1966 249 274
3 134228 2546
1 1523 1818 784
1 1421 1456 86
2 64984 198
3 155613 58920
2 266559 954
3 194272 9794
1 56 1299 68
4 197377
3 132331 260050
2 135695 945
2 7680 672
4 206266
1 207 1896 876
4 161575
4 6600
1 138 1761 862
2 42267 409
1 1838 1028 593
1 790 1276 74
3 40529 226244
4 30740
2 118956 755
1 1353 1666 279
3 118136 102283
2 97967 975
3 124317 108754
3 144870 53434
2 268890 106
2 175535 926
3 265886 78849
2 76519 675
2 60683 921
2 173311 972
3 99435 5519
4 123860
4 181788
2 157406 201
4 181865
1 798 1928 858
1 457 1545 622
3 100352 124136
3 211368 96275
2 76928 901
4 85796
2 212644 592
4 262486
3 39780 82053
2 192757 104
2 130672 279
3 262642 1935
1 1821 1008 626
4 192534
4 220194
1 516 655 110
2 70994 232
1 539 658 54
4 217094
1 1476 1711 316
4 142837
3 114061 200405
2 239130 17
1 1997 827 590
1 1653 1089 39
2 87820 413
1 1056 452 134
3 91733 49341
3 48302 154698
3 256249 308428
4 268357
3 231054 44056
3 282408 45588
3 247998 72089
4 176065
3 97238 92963
4 73567
4 308669
1 1803 1656 847
1 65 1936 796
1 1840 264 450
2 27089 490
1 1312 1249 709
4 199493
1 1692 1856 638
2 174635 199
4 57271
4 171382
4 44568
3 11345 245818
2 1214 461
1 734 1676 677
4 208965
4 299776
1 112 1078 280
1 1680 196 685
4 111414
2 106537 393
4 127701
4 25991
1 1050 1496 388
4 29951
1 313 272 229
1 143 1636 539
1 591 468 212
1 889 1744 864
3 300352 205099
1 859 19 181
3 98679 112548
3 225603 161603
3 69931 6055
1 1859 1240 419
2 65784 252
4 313126
2 129159 116
3 281307 89526
2 246660 501
1 633 98 970
4 252126
3 268309 41131
1 820 1600 227
3 142243 169202
4 158342
4 8301
1 841 1985 466
2 272834 728
1 96 1801 817
1 1701 1287 647
1 1592 106 636
4 235643
4 226714
1 1151 852 313
1 438 366 475
3 91199 192016
4 277363
1 269 42 317
4 172389
2 239033 883
1 1200 990 200
3 16558 281911
4 118619
4 234199
1 363 1076 190
1 1323 1615 662
3 271628 71909
1 677 1567 447
2 74630 964
4 11294
2 251926 137
4 275054
1 549 1767 379
4 106804
2 283254 224
4 221644
4 71069
4 329495
3 182428 11262
3 185362 166790
2 287806 891
4 127498
2 271341 696
2 62313 663
4 244801
1 1226 1146 809
2 298279 532
2 310009 454
4 5525
4 299656
2 310803 717
4 289811
1 574 684 687
2 306387 964
3 347330 182247
1 1821 1842 519
2 21058 137
3 284437 10700
4 76630
2 53624 744
2 292573 938
4 267144
2 66125 572
1 1840 374 207
2 274437 643
4 250083
1 1442 248 79
4 52188
1 449 1803 462
3 149923 343929
1 928 1454 322
4 344233
2 255146 942
2 224344 538
3 159185 233645
4 316353
2 150071 405
4 292179
3 88646 57501
4 22848
2 303383 478
4 155896
3 350957 223050
2 230134 201
1 1015 1029 316
3 324534 188885
4 9737
2 240801 817
4 356278
3 352867 25973
1 1475 1501 548
2 66881 90
3 221901 12114
3 177963 198031
2 77829 553
1 214 1023 274
4 329796
3 148522 42001
3 194614 292744
1 1791 1192 723
2 204283 150
1 651 1475 407
3 342311 150609
2 261381 506
1 336 1022 784
3 229615 34765
3 113096 28692
1 1933 801 679
1 914 1288 154
2 166765 431
1 27 709 306
2 303557 375
2 60701 378
4 366493
1 1980 1288 677
1 1782 1292 601
2 343102 356
1 1198 1710 976
2 273935 329
1 18 1605 734
4 39013
3 296125 229673
4 338403
1 289 149 470
3 379180 113300
3 129331 104413
3 141333 50028
4 203973
1 41 1843 249
1 476 249 324
2 154184 534
1 280 1048 137
3 197417 252258
2 12149 179
3 258806 210872
2 57492 750
1 996 1 959
3 358105 40217
2 341694 465
3 199141 200378
3 69715 175649
3 237850 28104
3 376643 101523
1 1152 837 304
4 147461
2 388526 722
3 94025 66425
3 25024 216637
3 57806 69319
3 373500 117270
2 281914 414
1 639 1405 857
4 271089
4 370451
4 253055
1 1649 166 33
4 377019
2 253110 464
3 174666 30597
1 1225 40 961
1 1503 1042 885
3 317638 160748
2 301102 45
2 128650 617
4 151312
3 370010 30406
1 194 771 97
4 201157
4 189346
3 203295 206521
1 1222 1823 168
3 299764 139224
1 294 376 818
1 831 293 974
1 978 634 245
3 353025 394520
4 240283
4 188114
4 234383
1 88 590 943
1 1162 347 100
4 207962
4 268679
4 87561
3 250722 98277
4 343511
1 1953 1128 691
2 20537 353
2 165653 289
2 403163 271
2 20466 414
1 1838 1635 76
1 246 630 254
3 115831 277519
1 9 704 273
2 188229 762
3 313454 303021
1 1711 186 331
2 172868 190
4 23596
1 1899 33 533
1 1121 1931 805
2 262188 904
2 311904 442
4 391521
3 366697 207652
2 122550 27
2 351498 119
3 44898 118964
4 168397
2 157137 671
1 381 976 284
4 125734
1 732 695 614
3 197546 62108
4 376662
1 826 571 372
1 1763 1908 677
2 124654 305
3 337262 208859
4 165862
2 132767 924
1 1515 1180 86
2 169148 854
4 168228
4 118621
2 124153 392
4 208823
3 143891 414198
2 53503 121
4 261856
3 352334 295071
4 7107
1 132 101 398
4 295713
3 40624 82229
1 1056 1347 426
3 288020 111184
2 14328 10
3 201242 374381
2 2489 689
4 285398
4 269522
3 225521 435525
4 180161
1 1712 986 602
2 264010 675
3 80305 267655
1 397 1907 524
3 8858 186894
3 379415 19433
3 268167 414600
4 40401
2 231445 12
3 298252 361908
3 429937 237680
1 1193 629 971
3 220359 214839
3 259069 314349
4 1837
2 137625 254
1 1048 602 92
1 1180 1922 161
2 206887 939
2 234229 256
2 208196 295
1 397 329 440
2 446865 671
1 598 930 225
3 375658 317224
1 204 94 360
3 251153 136837
1 103 1594 750
3 201262 370840
3 302759 410497
2 225541 773
2 347333 482
4 48369
4 434084
4 155279
3 35546 42678
2 126506 192
4 405550
1 147 1133 553
3 260551 175467
3 40766 435110
4 230097
4 262227
3 77408 252777
2 203094 175
3 185575 177099
3 394567 151744
2 177689 712
2 259687 412
3 163702 338946
4 152313
4 17533
4 136361
3 306382 64597
3 203102 347014
3 145437 191019
2 412580 256
3 98031 136571
4 416379
3 447607 462847
3 36913 48437
1 142 588 428
4 251047
3 415447 459273
4 16361
3 120376 176846
2 469366 43
1 1058 926 310
4 464344
1 726 506 496
3 207818 384377
3 186935 14433
2 102061 386
4 415294
3 14591 33373
2 354253 881
1 851 1530 80
4 233733
4 404642
4 141870
2 10718 147
3 267315 446980
2 288634 337
3 315921 154556
2 166901 980
3 400447 313212
3 352933 280654
1 1847 140 452
2 138225 239
2 391544 555
1 329 114 146
1 1402 1650 727
1 1103 475 159
3 357607 69503
4 84860
4 27854
2 77656 89
1 239 571 755
2 389747 31
1 1224 1833 905
1 1839 187 631
3 281349 322232
2 403613 672
1 1071 533 663
3 467971 25519
1 586 403 519
3 341787 191055
2 44748 38
1 150 1035 390
2 154448 494
1 315 697 757
3 379701 257462
4 332993
4 185256
4 85951
3 218766 22785
2 242555 177
1 93 1288 887
3 400830 230517
3 15427 475049
4 430208
2 23956 701
3 291514 342123
4 329801
3 276901 243414
4 137527
4 257391
3 83089 302128
4 359380
1 1331 629 165
1 773 1317 957
4 272728
3 417975 20658
1 1905 1867 356
4 100272
1 656 207 785
4 277662
2 199292 661
3 89555 45836
2 108350 309
4 407023
4 137105
2 143345 37
1 1827 579 770
2 346379 532
3 488194 294910
3 77125 473405
1 734 618 789
3 224491 364338
3 403561 446037
2 418352 47
3 63296 54178
1 1561 888 935
4 466804
3 310157 333228
1 15 309 752
1 1136 1393 734
1 843 1953 727
2 60424 970
3 265213 357605
4 381261
4 343925
1 564 1298 804
1 18 1930 874
4 28584
3 131776 132845
3 253384 220752
1 304 1857 546
3 412931 26359
3 92121 104451
3 43184 116527
3 158750 361295
4 3833
1 1525 1385 713
1 625 1968 42
3 222966 319082
3 281716 192180
3 171423 120770
1 1273 749 540
1 432 1471 85
1 1118 453 276
2 284018 132
4 456074
2 272757 429
2 3841 841
4 303729
4 204997
1 1822 1641 851
3 271757 91316
3 409463 119280
4 269216
4 6774
2 343424 809
3 330857 375584
4 282789
3 244431 455050
3 192104 165260
1 801 66 555
4 262269
1 108 1986 282
4 255151
2 47949 571
2 13729 224
4 179218
1 1388 419 228
2 252418 413
1 532 621 555
1 1592 550 614
2 147360 407
1 186 1698 181
1 1047 1322 28
2 412849 809
4 59098
4 36262
2 47244 242
4 51770
2 303075 520
1 1443 835 59
4 57999
3 208151 486729
3 360332 144295
4 212899
1 780 122 181
1 1863 357 182
3 186105 483757
2 408851 162
3 456694 347176
3 85433 464432
1 1140 895 253
4 248348
2 170132 13
1 752 50 16
2 266221 357
3 310242 54766
2 15393 34
1 1023 636 864
2 289701 608
4 283590
3 348557 424129
3 154656 187270
3 496969 385153
1 640 57 911
3 499726 191797
2 386034 241
1 1619 1047 766
2 476052 701
1 1958 1919 591
1 1673 474 354
4 543868
4 453862
2 68962 313
3 336803 257752
4 301644
2 391147 210
4 380967
4 305590
1 47 1412 376
4 308263
3 185466 233182
4 190176
2 499116 35
2 296010 533
2 392935 261
2 530267 348
2 264916 45
4 396218
4 235489
1 701 1344 198
3 546152 190337
3 263084 536683
2 470652 896
3 412746 3656
1 863 227 179
3 338482 258150
2 200913 251
4 389374
2 258477 78
4 312230
2 402834 204
3 468197 228360
3 91583 457376
3 491093 558462
2 187706 702
1 1086 1489 553
1 1329 1703 957
4 467369
3 137870 387718
3 178971 477188
1 651 1756 554
1 1239 1955 832
3 153547 425713
3 321348 12361
2 268658 848
2 473317 581
1 54 93 109
2 96864 286
2 441989 463
3 157550 244704
1 346 1112 191
2 577779 668
3 110299 254988
2 126249 744
4 113596
4 240586
1 1149 1026 431
4 531090
2 111733 56
4 34157
3 354375 511980
1 717 1693 99
2 45385 834
2 355727 149
4 320666
4 415759
3 340877 28491
4 84042
2 194862 559
4 415875
2 272256 256
2 316287 80
4 402255
2 498197 653
2 102555 634
4 340630
4 99305
1 1451 1093 241
2 253895 298
3 402397 273068
2 91197 321
2 161500 271
4 559245
4 204796
2 362021 999
3 126018 87335
3 561793 490579
4 174904
4 521691
1 1584 1112 267
1 760 1251 788
3 145265 231418
3 592054 134845
1 1764 342 909
2 318020 549
4 75485
3 605905 389561
4 71607
2 315707 936
2 557199 324
4 49437
4 521134
4 502656
4 60278
3 316246 157383
1 1123 350 779
3 74980 408890
2 359036 401
2 475736 32
4 103249
1 1150 244 6
4 499875
2 148705 315
1 610 834 993
4 59962
1 413 777 38
4 408806
1 1472 1803 69
2 29030 73
3 180300 48785
3 250058 613769
2 91777 999
1 52 1967 18
1 25 1096 655
2 469170 449
4 32974
2 87453 760
1 657 785 513
1 1690 1159 4
1 219 819 551
1 1492 821 83
3 497143 513920
1 142 1541 683
2 60494 906
4 510839
4 176771
4 357354
2 240700 687
2 425816 72
1 218 1652 122
3 520633 448109
4 504328
2 584687 670
2 69160 285
2 196882 315
3 393007 17795
4 397992
2 464027 646
4 508225
4 479344
1 1116 55 220
3 339214 487721
1 1783 1896 200
2 152749 383
4 5061
3 125259 36793
4 342728
2 259110 171
4 269341
4 154930
3 218993 439969
3 45374 515764
3 482196 27231
3 47003 1453
2 9037 226
3 127620 81503
4 311683
3 6710 419987
2 111201 531
4 419029
1 481 1600 597
3 258134 143676
3 327293 47010
4 619905
4 337717
2 361098 774
1 576 725 446
2 627077 437
4 552150
2 353794 513
2 454345 346
3 73546 231868
2 409616 360
3 423073 41344
4 583334
2 542312 6
3 35029 605586
4 397399
4 310318
2 543229 766
2 597863 923
1 1455 887 401
2 484744 143
2 217865 99
2 231339 63
1 1067 101 225
1 1280 224 808
4 79565
3 30432 430298
4 513309
1 1989 693 368
2 58114 985
1 879 1007 115
1 190 1168 250
4 528778
2 550216 56
1 1537 413 823
4 387011
3 346308 670557
4 460570
1 1563 1629 284
2 22103 837
1 1406 994 956
3 311456 59597
4 310059
2 606153 286
1 1377 1622 730
3 11250 464038
2 9402 53
3 118002 85813
1 850 1322 416
2 92963 16
2 629290 652
2 660337 121
1 1069 809 777
3 491712 128128
3 140187 247032
2 157696 179
3 551821 287381
2 362134 373
3 557597 527756
1 106 1720 827
3 616751 415751
1 1635 1398 323
3 608060 320002
1 349 1291 242
2 478850 636
4 276943
1 834 837 249
2 651962 395
2 350255 851
3 362853 604153
2 287577 391
2 243505 482
1 718 1683 335
4 397502
3 155770 213414
4 363315
2 205952 396
3 253786 356930
3 323365 375457
3 436655 627969
1 1575 1588 857
3 649552 307427
2 599421 664
2 87057 616
4 278693
1 982 154 889
1 162 1629 451
2 379032 460
1 1284 1118 318
4 378585
1 1535 1827 618
1 1691 1657 335
1 981 498 266
4 172477
4 169467
4 476916
3 354516 431798
3 53068 501198
3 289011 240333
1 720 1022 582
2 709451 141
4 543623
4 205036
4 541389
2 243820 939
1 1492 271 161
3 391023 301347
2 242160 372
3 40530 354854
3 604915 550769
2 255794 878
1 1720 382 404
1 106 816 834
1 40 1917 869
3 584740 275605
2 123759 294
3 356807 398486
1 206 1639 837
4 204736
4 2442
4 228626
4 75441
3 698805 159730
4 641842
1 1645 10 281
4 156669
3 327605 20556
2 443752 256
4 376575
3 419 586657
4 201948
2 583442 318
1 1619 83 354
2 706816 307
1 1284 206 279
1 84 1038 665
1 1096 1179 463
3 516288 472119
1 1853 829 290
2 91857 583
2 722321 617
4 727948
4 74654
4 100220
4 622782
4 725072
2 525331 594
4 230071
3 126214 441094
3 381098 559172
2 123296 4
4 128614
3 289502 245435
3 550585 238533
1 553 963 462
3 102130 358006
3 708442 220182
2 452616 947
3 300569 516945
1 1205 316 965
2 185036 771
3 672937 283903
2 38794 114
4 241110
2 408523 274
3 74644 389811
1 1520 797 277
2 456042 87
1 251 161 28
4 357866
2 240684 205
4 12753
4 335414
1 1377 892 653
3 400872 46908
4 523522
3 377095 422172
1 79 1212 356
2 81694 977
3 682340 561405
1 109 356 494
2 704818 920
3 102646 507224
4 493710
2 724671 478
3 128511 310620
3 734129 500334
2 751251 729
4 241153
4 120504
3 533570 694130
3 138722 570175
3 365338 266276
4 13322
1 1692 111 16
3 583533 707076
3 260731 53111
4 323056
4 716683
1 1259 1645 170
2 254340 378
1 1739 694 269
1 1302 1527 987
3 112710 687430
1 1752 379 325
1 893 1703 853
4 169108
1 854 19 940
1 730 1563 320
1 1394 1333 376
4 526590
1 1516 1426 503
1 55 184 168
2 226508 913
3 2129 39251
2 473891 256
2 671202 40
4 421043
1 750 1982 35
1 1494 1930 263
2 537329 259
1 803 141 500
4 648384
2 358431 548
2 756705 54
1 1867 527 334
1 1947 258 842
3 364787 90487
3 28515 426037
4 759269
4 305713
1 487 218 57
4 49708
2 76441 916
3 48857 265837
2 711436 119
1 68 1006 273
3 384967 166524
3 426746 359061
4 21745
3 477230 276757
2 144228 501
2 769748 449
4 487194
1 302 1018 814
1 1117 1259 121
1 915 1694 83
2 749617 865
4 23925
2 202262 192
3 498197 675762
2 503231 741
4 770657
4 481203
4 592060
1 1876 143 451
2 68817 539
1 1818 111 292
1 1392 363 185
1 1903 1383 816
2 176821 834
2 105681 228
1 1249 742 797
4 611622
3 655318 76592
1 269 1255 461
4 405381
4 716512
4 503644
3 102283 34517
2 328525 319
1 1050 6 714
4 402099
2 103736 512
3 98994 663474
1 975 1177 824
1 516 790 676
4 397678
4 615446
4 108608
3 242143 626190
1 1971 984 406
3 758039 602483
2 92103 55
4 85475
2 608049 348
1 1792 368 998
1 1584 330 448
1 1741 1572 616
2 601200 881
4 409788
1 1789 1208 205
1 1710 1714 98
4 92114
2 104033 875
4 707717
1 214 492 592
3 487536 571539
1 811 416 521
4 219833
3 13289 501895
4 105349
4 745469
1 1309 745 93
2 729506 430
4 701768
2 710334 408
3 121506 673309
4 217493
2 516391 616
2 485764 337
1 592 1546 584
2 554507 880
3 273991 538626
1 329 1870 264
1 359 1951 666
3 493306 555532
2 401843 26
4 108328
1 483 970 502
2 315839 443
1 1842 124 66
1 1510 40 694
4 694274
2 507238 468
1 1073 19 545
2 310494 576
2 44334 79
2 760017 689
3 4802 473335
1 1335 1981 583
3 313733 386496
4 87845
1 602 1459 389
4 247214
2 167903 766
1 741 449 388
2 126657 463
2 467726 868
2 165888 471
1 1264 457 73
1 33 467 890
3 63770 216040
3 674771 688492
4 531910
2 230947 904
3 760543 796270
4 694659
4 711424
3 409376 81697
3 283241 328178
1 1180 847 2
1 184 902 329
3 166900 293007
1 1928 112 964
3 215080 97998
4 708014
1 1888 1490 341
3 507892 750973
4 642792
2 224761 400
1 1710 1562 976
2 536174 644
2 307266 484
4 110084
2 673413 290
4 755042
2 465334 338
4 620310
4 231564
3 790878 517356
2 343666 564
3 733653 753038
4 38859
2 406741 935
3 300151 419059
2 258300 854
4 490216
3 284763 168898
3 799229 177556
4 197282
4 269592
4 745596
4 816712
2 691980 955
2 819136 96
4 144050
2 93517 43
2 463151 686
4 571417
4 93899
2 763654 926
1 1045 1814 965
2 175177 656
1 1055 1449 416
4 485705
2 464343 884
4 768362
3 201442 43926
4 502841
2 555680 596
3 513709 110883
3 347751 294128
4 511857
1 151 1192 353
2 473815 908
3 677708 54600
3 93773 436983
3 379141 855738
1 1478 1718 16
1 1059 255 688
2 826625 83
4 393517
2 269235 700
1 798 1874 32
1 1676 628 483
2 501779 184
4 463127
4 576416
2 668592 87
3 741889 191919
2 453046 255
2 152115 446
2 107618 951
1 842 299 611
2 183513 267
1 551 643 436
1 768 801 860
2 572359 495
3 388158 763766
3 501721 612989
3 739377 22463
2 612117 994
3 623355 803259
2 523564 793
2 314782 500
2 462592 142
4 503016
2 152279 979
1 1956 374 20
2 690498 565
4 304417
1 432 373 691
3 96289 548475
4 362490
3 829756 586658
4 570033
4 332161
2 832656 538
3 866601 818057
2 856477 125
1 201 379 281
2 189418 717
4 695349
4 263669
4 60707
1 1051 1150 37
4 621277
2 834423 228
1 1531 969 734
4 791828
1 10 1274 484
1 180 1224 2
3 403910 705369
4 890990
4 654572
2 605892 577
2 191431 415
1 445 658 323
3 876254 722913
1 560 549 197
2 461188 427
3 747711 576084
3 150080 578673
4 907692
4 903757
1 1175 1673 540
3 677231 369877
3 173308 573394
3 353448 471139
3 876076 202870
4 524099
3 657300 232433
3 723127 430177
1 1891 1219 520
4 755444
2 592863 592
4 846554
4 674144
4 355464
4 830203
4 401752
1 1089 430 989
4 565604
3 564006 250182
4 58055
1 1384 210 951
3 718036 152816
2 311929 657
2 863103 822
1 93 327 463
2 584492 863
3 910784 441412
2 41639 258
2 29590 263
2 615312 4
3 683669 697105
1 1160 1453 333
4 848184
3 206162 177401
1 788 768 370
4 608517
4 870992
2 638860 275
3 45356 62119
4 510556
2 704681 339
2 392422 127
1 216 1258 363
4 879275
1 761 1803 505
1 1971 1272 99
2 621191 417
1 1615 1051 961
1 971 1292 135
3 624148 795468
3 595793 100587
4 570542
3 179617 791886
3 35255 914199
1 1225 190 733
3 742836 116872
1 1585 1178 247
4 593297
3 674731 886847
2 3430 560
3 851027 704515
1 397 104 51
4 454893
1 868 1081 749
1 1708 1864 974
4 540598
3 233473 107631
2 508455 242
3 754770 818319
4 517382
1 227 1799 855
3 879398 882179
4 299582
2 55426 326
1 607 73 423
4 256311
1 1966 397 322
2 577471 890
2 263467 218
1 664 295 714
4 236692
4 276879
4 731048
2 335142 797
4 897364
4 157179
2 49237 882
1 267 56 178
4 634391
4 842154
2 498387 599
3 887838 285158
2 151519 59
2 300517 501
2 443471 727
4 313555
4 877935
3 255911 350666
3 339777 215955
4 218768
2 6128 873
3 582887 205161
2 210041 785
4 596232
2 325884 937
2 525584 192
1 155 1956 367
4 226632
3 454199 565767
4 769074
2 747921 938
1 503 1470 671
3 936281 458869
1 243 1367 655
4 825359
4 19629
2 420608 792
1 204 1727 507
3 348930 21652
4 315868
2 832087 498
2 164416 628
1 585 1490 120
3 357462 533701
3 443627 123679
1 1457 956 572
4 797509
4 173398
2 545173 998
3 269201 471742
2 155257 943
2 293159 586
4 770695
4 939257
3 386338 75339
1 1974 1255 131
4 375215
4 686249
3 124854 760087
2 407581 336
3 289923 955416
4 119661
1 774 1661 544
1 1501 1977 987
1 1341 1288 273
4 517720
4 380273
1 1758 1445 253
3 859328 551061
1 365 447 749
4 780486
1 1005 1633 281
2 957727 399
2 786667 176
1 1870 1255 739
1 194 648 303
3 605075 187293
1 1798 1042 829
2 388512 169
4 215298
2 61256 671
3 682202 166366
4 113797
2 850904 904
2 333236 427
1 898 1613 733
1 727 435 130
4 937842
4 570526
4 953459
2 146237 465
4 619102
4 788936
1 504 1992 122
4 904171
2 972606 269
2 992537 983
3 578427 800333
3 985933 510907
3 298105 911304
3 908719 361263
2 17415 968
3 6843 73734
2 80133 4
4 229271
2 164497 297
2 483247 695
3 276112 336274
4 820126
1 1223 7 969
4 963575
3 212951 732421
4 892005
3 706809 221166
3 819460 711462
2 330164 458
3 86286 661182
3 71562 335846
1 668 1045 479
3 344406 983963
3 582310 701275
3 309114 183010
1 304 1309 189
2 351350 585
4 158582
2 15795 821
1 1172 1659 384
3 214616 111466
3 883878 50287
2 620147 274
2 982170 676
3 670890 616322
3 522583 451825
4 972491
3 486894 979171
2 121091 918
1 1978 1459 418
2 748928 551
2 335055 843
1 1102 1737 499
1 270 18 555
4 658939
3 486673 532726
2 715741 159
1 1744 1989 33
2 561441 426
2 776069 282
1 116 1561 530
1 1044 218 986
2 468028 568
3 883270 806001
1 896 1745 536
2 509464 160
1 1592 1222 100
1 923 1621 519
2 775645 886
1 1893 1416 55
4 63150
3 76492 718776
3 905160 1009845
2 766888 596
3 902295 385699
3 1005215 39221
