2000 2000 0
1 2 518
1 3 290
1 4 917
1 5 571
1 6 398
1 7 529
1 8 191
1 9 140
1 10 484
1 11 491
1 12 413
1 13 799
1 14 29
1 15 469
1 16 828
1 17 920
1 18 926
1 19 501
1 20 115
1 21 998
1 22 861
1 23 760
1 24 765
1 25 245
1 26 142
1 27 602
1 28 360
1 29 874
1 30 294
1 31 481
1 32 833
1 33 489
1 34 387
1 35 345
1 36 532
1 37 329
1 38 209
1 39 703
1 40 328
1 41 446
1 42 717
1 43 746
1 44 176
1 45 181
1 46 604
1 47 220
1 48 770
1 49 466
1 50 980
1 51 589
1 52 346
1 53 308
1 54 745
1 55 543
1 56 919
1 57 807
1 58 40
1 59 617
1 60 972
1 61 768
1 62 606
1 63 352
1 64 711
1 65 76
1 66 113
1 67 624
1 68 796
1 69 568
1 70 997
1 71 47
1 72 618
1 73 897
1 74 415
1 75 962
1 76 572
1 77 476
1 78 948
1 79 612
1 80 920
1 81 29
1 82 394
1 83 197
1 84 555
1 85 339
1 86 717
1 87 703
1 88 305
1 89 482
1 90 882
1 91 282
1 92 792
1 93 223
1 94 759
1 95 225
1 96 21
1 97 911
1 98 824
1 99 833
1 100 917
1 101 111
1 102 858
1 103 616
1 104 949
1 105 428
1 106 170
1 107 962
1 108 649
1 109 83
1 110 358
1 111 45
1 112 711
1 113 970
1 114 241
1 115 678
1 116 556
1 117 708
1 118 538
1 119 489
1 120 989
1 121 759
1 122 998
1 123 19
1 124 454
1 125 536
1 126 424
1 127 906
1 128 461
1 129 956
1 130 943
1 131 843
1 132 799
1 133 800
1 134 560
1 135 818
1 136 777
1 137 57
1 138 366
1 139 972
1 140 7
1 141 460
1 142 312
1 143 503
1 144 391
1 145 303
1 146 602
1 147 624
1 148 686
1 149 877
1 150 241
1 151 635
1 152 681
1 153 316
1 154 122
1 155 222
1 156 141
1 157 273
1 158 803
1 159 893
1 160 782
1 161 105
1 162 656
1 163 485
1 164 362
1 165 98
1 166 759
1 167 172
1 168 686
1 169 591
1 170 643
1 171 399
1 172 30
1 173 390
1 174 595
1 175 178
1 176 73
1 177 205
1 178 547
1 179 571
1 180 290
1 181 215
1 182 584
1 183 934
1 184 255
1 185 618
1 186 640
1 187 993
1 188 780
1 189 268
1 190 167
1 191 456
1 192 216
1 193 448
1 194 714
1 195 689
1 196 14
1 197 804
1 198 78
1 199 904
1 200 692
1 201 94
1 202 1
1 203 651
1 204 262
1 205 297
1 206 15
1 207 854
1 208 715
1 209 596
1 210 989
1 211 55
1 212 894
1 213 162
1 214 73
1 215 618
1 216 301
1 217 658
1 218 23
1 219 957
1 220 261
1 221 559
1 222 12
1 223 277
1 224 498
1 225 920
1 226 149
1 227 69
1 228 699
1 229 320
1 230 527
1 231 765
1 232 691
1 233 606
1 234 288
1 235 472
1 236 72
1 237 485
1 238 180
1 239 827
1 240 782
1 241 156
1 242 705
1 243 460
1 244 819
1 245 342
1 246 138
1 247 488
1 248 901
1 249 626
1 250 838
1 251 955
1 252 30
1 253 379
1 254 417
1 255 938
1 256 862
1 257 288
1 258 929
1 259 811
1 260 489
1 261 365
1 262 457
1 263 363
1 264 747
1 265 86
1 266 152
1 267 742
1 268 450
1 269 242
1 270 146
1 271 441
1 272 250
1 273 285
1 274 981
1 275 66
1 276 178
1 277 323
1 278 61
1 279 294
1 280 469
1 281 11
1 282 143
1 283 953
1 284 649
1 285 945
1 286 1000
1 287 281
1 288 251
1 289 618
1 290 654
1 291 530
1 292 383
1 293 290
1 294 140
1 295 889
1 296 884
1 297 496
1 298 521
1 299 132
1 300 93
1 301 976
1 302 106
1 303 888
1 304 256
1 305 223
1 306 138
1 307 513
1 308 249
1 309 602
1 310 528
1 311 437
1 312 215
1 313 293
1 314 40
1 315 720
1 316 597
1 317 151
1 318 320
1 319 208
1 320 113
1 321 564
1 322 155
1 323 801
1 324 95
1 325 385
1 326 448
1 327 721
1 328 838
1 329 883
1 330 827
1 331 276
1 332 273
1 333 967
1 334 282
1 335 680
1 336 606
1 337 10
1 338 665
1 339 113
1 340 242
1 341 81
1 342 301
1 343 973
1 344 873
1 345 705
1 346 275
1 347 809
1 348 921
1 349 231
1 350 40
1 351 56
1 352 119
1 353 304
1 354 330
1 355 402
1 356 936
1 357 865
1 358 717
1 359 314
1 360 377
1 361 391
1 362 111
1 363 525
1 364 774
1 365 487
1 366 507
1 367 465
1 368 293
1 369 6
1 370 240
1 371 107
1 372 107
1 373 769
1 374 618
1 375 655
1 376 213
1 377 533
1 378 790
1 379 66
1 380 223
1 381 295
1 382 530
1 383 930
1 384 599
1 385 700
1 386 986
1 387 131
1 388 114
1 389 713
1 390 443
1 391 947
1 392 197
1 393 580
1 394 235
1 395 479
1 396 948
1 397 864
1 398 989
1 399 171
1 400 109
1 401 387
1 402 688
1 403 389
1 404 909
1 405 274
1 406 824
1 407 649
1 408 193
1 409 418
1 410 915
1 411 860
1 412 14
1 413 257
1 414 277
1 415 996
1 416 880
1 417 410
1 418 875
1 419 246
1 420 557
1 421 403
1 422 658
1 423 358
1 424 746
1 425 185
1 426 208
1 427 762
1 428 755
1 429 866
1 430 144
1 431 470
1 432 623
1 433 585
1 434 906
1 435 744
1 436 737
1 437 76
1 438 720
1 439 620
1 440 799
1 441 353
1 442 625
1 443 896
1 444 197
1 445 851
1 446 128
1 447 112
1 448 986
1 449 216
1 450 101
1 451 210
1 452 249
1 453 742
1 454 242
1 455 938
1 456 464
1 457 32
1 458 462
1 459 110
1 460 499
1 461 333
1 462 493
1 463 770
1 464 705
1 465 168
1 466 476
1 467 540
1 468 461
1 469 343
1 470 256
1 471 600
1 472 669
1 473 200
1 474 607
1 475 996
1 476 566
1 477 318
1 478 517
1 479 652
1 480 268
1 481 128
1 482 887
1 483 894
1 484 966
1 485 649
1 486 859
1 487 783
1 488 975
1 489 616
1 490 869
1 491 131
1 492 117
1 493 304
1 494 802
1 495 687
1 496 996
1 497 120
1 498 711
1 499 609
1 500 843
1 501 172
1 502 474
1 503 53
1 504 637
1 505 768
1 506 31
1 507 553
1 508 872
1 509 251
1 510 59
1 511 546
1 512 680
1 513 848
1 514 691
1 515 556
1 516 412
1 517 62
1 518 461
1 519 644
1 520 719
1 521 537
1 522 413
1 523 760
1 524 327
1 525 973
1 526 968
1 527 957
1 528 520
1 529 33
1 530 212
1 531 287
1 532 665
1 533 809
1 534 972
1 535 532
1 536 77
1 537 297
1 538 127
1 539 928
1 540 698
1 541 784
1 542 274
1 543 48
1 544 277
1 545 202
1 546 824
1 547 482
1 548 331
1 549 364
1 550 744
1 551 971
1 552 984
1 553 122
1 554 446
1 555 623
1 556 130
1 557 955
1 558 183
1 559 908
1 560 38
1 561 763
1 562 145
1 563 702
1 564 504
1 565 559
1 566 880
1 567 363
1 568 367
1 569 716
1 570 65
1 571 535
1 572 758
1 573 367
1 574 761
1 575 864
1 576 651
1 577 172
1 578 710
1 579 610
1 580 234
1 581 290
1 582 876
1 583 355
1 584 834
1 585 189
1 586 8
1 587 383
1 588 774
1 589 986
1 590 783
1 591 508
1 592 476
1 593 806
1 594 423
1 595 22
1 596 417
1 597 790
1 598 812
1 599 763
1 600 265
1 601 391
1 602 611
1 603 855
1 604 386
1 605 670
1 606 154
1 607 96
1 608 825
1 609 552
1 610 981
1 611 219
1 612 939
1 613 498
1 614 73
1 615 172
1 616 229
1 617 337
1 618 115
1 619 552
1 620 867
1 621 298
1 622 97
1 623 485
1 624 699
1 625 674
1 626 247
1 627 15
1 628 762
1 629 254
1 630 154
1 631 580
1 632 693
1 633 43
1 634 135
1 635 849
1 636 168
1 637 118
1 638 676
1 639 82
1 640 553
1 641 941
1 642 205
1 643 420
1 644 501
1 645 707
1 646 999
1 647 845
1 648 945
1 649 934
1 650 95
1 651 642
1 652 385
1 653 827
1 654 379
1 655 255
1 656 932
1 657 775
1 658 695
1 659 481
1 660 228
1 661 215
1 662 616
1 663 655
1 664 209
1 665 753
1 666 956
1 667 483
1 668 679
1 669 944
1 670 286
1 671 284
1 672 602
1 673 466
1 674 517
1 675 991
1 676 424
1 677 452
1 678 142
1 679 472
1 680 182
1 681 100
1 682 388
1 683 405
1 684 376
1 685 837
1 686 526
1 687 418
1 688 757
1 689 917
1 690 184
1 691 349
1 692 656
1 693 10
1 694 448
1 695 330
1 696 359
1 697 47
1 698 585
1 699 711
1 700 950
1 701 178
1 702 962
1 703 896
1 704 732
1 705 513
1 706 959
1 707 19
1 708 572
1 709 495
1 710 238
1 711 124
1 712 764
1 713 50
1 714 418
1 715 217
1 716 697
1 717 1000
1 718 690
1 719 342
1 720 311
1 721 668
1 722 170
1 723 25
1 724 916
1 725 389
1 726 472
1 727 374
1 728 733
1 729 54
1 730 328
1 731 771
1 732 399
1 733 190
1 734 567
1 735 804
1 736 391
1 737 896
1 738 930
1 739 543
1 740 17
1 741 451
1 742 647
1 743 129
1 744 843
1 745 826
1 746 721
1 747 933
1 748 354
1 749 692
1 750 599
1 751 955
1 752 522
1 753 36
1 754 670
1 755 926
1 756 26
1 757 225
1 758 273
1 759 83
1 760 109
1 761 326
1 762 431
1 763 424
1 764 289
1 765 330
1 766 612
1 767 906
1 768 898
1 769 929
1 770 982
1 771 405
1 772 383
1 773 247
1 774 81
1 775 214
1 776 379
1 777 931
1 778 297
1 779 339
1 780 428
1 781 825
1 782 966
1 783 185
1 784 799
1 785 797
1 786 186
1 787 436
1 788 496
1 789 606
1 790 148
1 791 377
1 792 149
1 793 544
1 794 136
1 795 807
1 796 867
1 797 704
1 798 987
1 799 768
1 800 815
1 801 2
1 802 603
1 803 707
1 804 78
1 805 389
1 806 899
1 807 101
1 808 716
1 809 629
1 810 587
1 811 522
1 812 535
1 813 503
1 814 605
1 815 744
1 816 980
1 817 607
1 818 319
1 819 43
1 820 199
1 821 900
1 822 607
1 823 545
1 824 687
1 825 138
1 826 289
1 827 334
1 828 983
1 829 478
1 830 691
1 831 776
1 832 533
1 833 821
1 834 408
1 835 171
1 836 133
1 837 596
1 838 551
1 839 485
1 840 462
1 841 48
1 842 485
1 843 698
1 844 403
1 845 78
1 846 917
1 847 360
1 848 794
1 849 362
1 850 614
1 851 787
1 852 808
1 853 923
1 854 596
1 855 977
1 856 289
1 857 709
1 858 916
1 859 542
1 860 676
1 861 405
1 862 100
1 863 168
1 864 156
1 865 16
1 866 511
1 867 540
1 868 238
1 869 299
1 870 196
1 871 53
1 872 121
1 873 811
1 874 192
1 875 939
1 876 240
1 877 909
1 878 486
1 879 25
1 880 769
1 881 294
1 882 269
1 883 76
1 884 625
1 885 596
1 886 969
1 887 674
1 888 309
1 889 274
1 890 376
1 891 576
1 892 49
1 893 662
1 894 765
1 895 690
1 896 243
1 897 421
1 898 31
1 899 725
1 900 512
1 901 900
1 902 874
1 903 271
1 904 269
1 905 400
1 906 180
1 907 677
1 908 54
1 909 310
1 910 280
1 911 747
1 912 146
1 913 252
1 914 285
1 915 622
1 916 108
1 917 869
1 918 472
1 919 972
1 920 377
1 921 375
1 922 700
1 923 842
1 924 232
1 925 719
1 926 144
1 927 852
1 928 412
1 929 282
1 930 960
1 931 464
1 932 763
1 933 670
1 934 193
1 935 602
1 936 146
1 937 862
1 938 89
1 939 944
1 940 238
1 941 216
1 942 428
1 943 126
1 944 227
1 945 690
1 946 847
1 947 57
1 948 879
1 949 111
1 950 87
1 951 312
1 952 807
1 953 485
1 954 994
1 955 61
1 956 15
1 957 266
1 958 140
1 959 72
1 960 798
1 961 881
1 962 90
1 963 451
1 964 863
1 965 344
1 966 129
1 967 230
1 968 72
1 969 461
1 970 879
1 971 67
1 972 478
1 973 307
1 974 496
1 975 754
1 976 949
1 977 961
1 978 841
1 979 342
1 980 963
1 981 130
1 982 912
1 983 876
1 984 973
1 985 77
1 986 496
1 987 994
1 988 728
1 989 869
1 990 728
1 991 188
1 992 73
1 993 913
1 994 53
1 995 136
1 996 44
1 997 252
1 998 210
1 999 418
1 1000 367
1 1001 549
1 1002 766
1 1003 448
1 1004 871
1 1005 15
1 1006 741
1 1007 751
1 1008 528
1 1009 161
1 1010 940
1 1011 435
1 1012 617
1 1013 454
1 1014 97
1 1015 113
1 1016 557
1 1017 557
1 1018 424
1 1019 999
1 1020 106
1 1021 585
1 1022 726
1 1023 586
1 1024 308
1 1025 89
1 1026 136
1 1027 494
1 1028 826
1 1029 321
1 1030 932
1 1031 856
1 1032 327
1 1033 901
1 1034 110
1 1035 406
1 1036 689
1 1037 500
1 1038 635
1 1039 965
1 1040 301
1 1041 426
1 1042 225
1 1043 689
1 1044 575
1 1045 67
1 1046 867
1 1047 751
1 1048 629
1 1049 998
1 1050 560
1 1051 517
1 1052 884
1 1053 231
1 1054 765
1 1055 144
1 1056 321
1 1057 507
1 1058 901
1 1059 764
1 1060 153
1 1061 742
1 1062 759
1 1063 783
1 1064 896
1 1065 327
1 1066 135
1 1067 965
1 1068 212
1 1069 890
1 1070 122
1 1071 332
1 1072 226
1 1073 308
1 1074 510
1 1075 216
1 1076 790
1 1077 890
1 1078 983
1 1079 375
1 1080 103
1 1081 824
1 1082 882
1 1083 661
1 1084 168
1 1085 445
1 1086 124
1 1087 456
1 1088 399
1 1089 453
1 1090 187
1 1091 164
1 1092 81
1 1093 869
1 1094 139
1 1095 551
1 1096 786
1 1097 194
1 1098 969
1 1099 597
1 1100 96
1 1101 345
1 1102 195
1 1103 980
1 1104 688
1 1105 455
1 1106 572
1 1107 408
1 1108 671
1 1109 353
1 1110 443
1 1111 695
1 1112 49
1 1113 788
1 1114 797
1 1115 357
1 1116 573
1 1117 749
1 1118 405
1 1119 720
1 1120 254
1 1121 73
1 1122 674
1 1123 732
1 1124 369
1 1125 845
1 1126 496
1 1127 391
1 1128 173
1 1129 470
1 1130 292
1 1131 990
1 1132 917
1 1133 457
1 1134 932
1 1135 541
1 1136 175
1 1137 955
1 1138 900
1 1139 9
1 1140 696
1 1141 481
1 1142 849
1 1143 896
1 1144 845
1 1145 392
1 1146 320
1 1147 534
1 1148 50
1 1149 989
1 1150 783
1 1151 585
1 1152 261
1 1153 397
1 1154 978
1 1155 310
1 1156 403
1 1157 421
1 1158 630
1 1159 753
1 1160 129
1 1161 274
1 1162 96
1 1163 984
1 1164 627
1 1165 850
1 1166 270
1 1167 855
1 1168 640
1 1169 264
1 1170 564
1 1171 867
1 1172 907
1 1173 186
1 1174 279
1 1175 874
1 1176 569
1 1177 645
1 1178 413
1 1179 737
1 1180 657
1 1181 807
1 1182 145
1 1183 868
1 1184 934
1 1185 499
1 1186 787
1 1187 993
1 1188 126
1 1189 351
1 1190 325
1 1191 852
1 1192 454
1 1193 944
1 1194 693
1 1195 650
1 1196 499
1 1197 596
1 1198 817
1 1199 690
1 1200 953
1 1201 974
1 1202 29
1 1203 678
1 1204 566
1 1205 868
1 1206 375
1 1207 245
1 1208 431
1 1209 924
1 1210 218
1 1211 444
1 1212 41
1 1213 673
1 1214 477
1 1215 775
1 1216 840
1 1217 201
1 1218 964
1 1219 940
1 1220 410
1 1221 498
1 1222 869
1 1223 351
1 1224 708
1 1225 87
1 1226 515
1 1227 294
1 1228 435
1 1229 575
1 1230 149
1 1231 758
1 1232 275
1 1233 781
1 1234 16
1 1235 650
1 1236 82
1 1237 247
1 1238 31
1 1239 138
1 1240 845
1 1241 771
1 1242 225
1 1243 185
1 1244 41
1 1245 124
1 1246 298
1 1247 204
1 1248 963
1 1249 937
1 1250 319
1 1251 849
1 1252 903
1 1253 125
1 1254 382
1 1255 716
1 1256 483
1 1257 607
1 1258 963
1 1259 299
1 1260 100
1 1261 106
1 1262 107
1 1263 635
1 1264 246
1 1265 357
1 1266 819
1 1267 663
1 1268 752
1 1269 52
1 1270 889
1 1271 287
1 1272 629
1 1273 827
1 1274 40
1 1275 6
1 1276 395
1 1277 329
1 1278 952
1 1279 769
1 1280 758
1 1281 121
1 1282 515
1 1283 190
1 1284 525
1 1285 810
1 1286 872
1 1287 706
1 1288 819
1 1289 256
1 1290 651
1 1291 585
1 1292 94
1 1293 711
1 1294 673
1 1295 40
1 1296 571
1 1297 30
1 1298 607
1 1299 838
1 1300 486
1 1301 913
1 1302 827
1 1303 525
1 1304 685
1 1305 84
1 1306 137
1 1307 404
1 1308 861
1 1309 982
1 1310 22
1 1311 840
1 1312 139
1 1313 115
1 1314 976
1 1315 461
1 1316 260
1 1317 400
1 1318 595
1 1319 513
1 1320 252
1 1321 465
1 1322 684
1 1323 944
1 1324 329
1 1325 125
1 1326 528
1 1327 7
1 1328 16
1 1329 728
1 1330 101
1 1331 725
1 1332 534
1 1333 839
1 1334 966
1 1335 372
1 1336 7
1 1337 55
1 1338 387
1 1339 316
1 1340 409
1 1341 157
1 1342 54
1 1343 23
1 1344 265
1 1345 301
1 1346 790
1 1347 877
1 1348 756
1 1349 222
1 1350 279
1 1351 632
1 1352 750
1 1353 292
1 1354 598
1 1355 824
1 1356 901
1 1357 188
1 1358 624
1 1359 431
1 1360 382
1 1361 195
1 1362 779
1 1363 997
1 1364 414
1 1365 118
1 1366 219
1 1367 61
1 1368 617
1 1369 274
1 1370 157
1 1371 60
1 1372 998
1 1373 756
1 1374 687
1 1375 56
1 1376 584
1 1377 369
1 1378 444
1 1379 397
1 1380 653
1 1381 46
1 1382 804
1 1383 505
1 1384 849
1 1385 608
1 1386 321
1 1387 80
1 1388 906
1 1389 380
1 1390 601
1 1391 504
1 1392 949
1 1393 79
1 1394 818
1 1395 798
1 1396 151
1 1397 878
1 1398 1000
1 1399 302
1 1400 141
1 1401 158
1 1402 441
1 1403 445
1 1404 579
1 1405 516
1 1406 56
1 1407 913
1 1408 199
1 1409 686
1 1410 468
1 1411 591
1 1412 766
1 1413 207
1 1414 409
1 1415 795
1 1416 437
1 1417 117
1 1418 861
1 1419 90
1 1420 345
1 1421 605
1 1422 828
1 1423 842
1 1424 430
1 1425 668
1 1426 915
1 1427 184
1 1428 330
1 1429 927
1 1430 335
1 1431 296
1 1432 801
1 1433 876
1 1434 845
1 1435 48
1 1436 986
1 1437 318
1 1438 995
1 1439 44
1 1440 864
1 1441 779
1 1442 973
1 1443 585
1 1444 169
1 1445 424
1 1446 160
1 1447 582
1 1448 770
1 1449 19
1 1450 458
1 1451 221
1 1452 16
1 1453 703
1 1454 567
1 1455 989
1 1456 55
1 1457 906
1 1458 172
1 1459 99
1 1460 109
1 1461 802
1 1462 182
1 1463 667
1 1464 87
1 1465 74
1 1466 955
1 1467 875
1 1468 658
1 1469 128
1 1470 847
1 1471 551
1 1472 210
1 1473 730
1 1474 615
1 1475 277
1 1476 573
1 1477 627
1 1478 832
1 1479 593
1 1480 928
1 1481 689
1 1482 832
1 1483 257
1 1484 320
1 1485 618
1 1486 803
1 1487 585
1 1488 505
1 1489 305
1 1490 910
1 1491 767
1 1492 865
1 1493 709
1 1494 959
1 1495 384
1 1496 989
1 1497 753
1 1498 257
1 1499 775
1 1500 546
1 1501 924
1 1502 939
1 1503 548
1 1504 829
1 1505 593
1 1506 618
1 1507 362
1 1508 914
1 1509 303
1 1510 657
1 1511 382
1 1512 231
1 1513 497
1 1514 519
1 1515 166
1 1516 441
1 1517 46
1 1518 80
1 1519 454
1 1520 557
1 1521 313
1 1522 346
1 1523 972
1 1524 591
1 1525 681
1 1526 568
1 1527 141
1 1528 597
1 1529 609
1 1530 809
1 1531 21
1 1532 388
1 1533 200
1 1534 393
1 1535 921
1 1536 769
1 1537 146
1 1538 542
1 1539 703
1 1540 72
1 1541 251
1 1542 875
1 1543 4
1 1544 223
1 1545 354
1 1546 919
1 1547 700
1 1548 723
1 1549 659
1 1550 486
1 1551 116
1 1552 745
1 1553 586
1 1554 390
1 1555 930
1 1556 845
1 1557 702
1 1558 267
1 1559 379
1 1560 69
1 1561 347
1 1562 74
1 1563 835
1 1564 359
1 1565 341
1 1566 296
1 1567 360
1 1568 301
1 1569 779
1 1570 842
1 1571 326
1 1572 311
1 1573 801
1 1574 238
1 1575 138
1 1576 880
1 1577 644
1 1578 624
1 1579 283
1 1580 662
1 1581 553
1 1582 854
1 1583 923
1 1584 406
1 1585 588
1 1586 75
1 1587 417
1 1588 853
1 1589 876
1 1590 894
1 1591 818
1 1592 295
1 1593 701
1 1594 419
1 1595 666
1 1596 2
1 1597 724
1 1598 664
1 1599 951
1 1600 579
1 1601 382
1 1602 472
1 1603 469
1 1604 655
1 1605 808
1 1606 890
1 1607 826
1 1608 978
1 1609 567
1 1610 338
1 1611 250
1 1612 682
1 1613 191
1 1614 798
1 1615 155
1 1616 804
1 1617 447
1 1618 450
1 1619 658
1 1620 693
1 1621 459
1 1622 226
1 1623 882
1 1624 338
1 1625 632
1 1626 54
1 1627 35
1 1628 759
1 1629 987
1 1630 216
1 1631 856
1 1632 810
1 1633 65
1 1634 759
1 1635 94
1 1636 64
1 1637 871
1 1638 823
1 1639 603
1 1640 413
1 1641 874
1 1642 213
1 1643 659
1 1644 295
1 1645 311
1 1646 887
1 1647 956
1 1648 12
1 1649 387
1 1650 777
1 1651 435
1 1652 118
1 1653 236
1 1654 224
1 1655 756
1 1656 877
1 1657 445
1 1658 657
1 1659 668
1 1660 724
1 1661 460
1 1662 498
1 1663 929
1 1664 106
1 1665 78
1 1666 247
1 1667 976
1 1668 377
1 1669 968
1 1670 197
1 1671 549
1 1672 201
1 1673 927
1 1674 49
1 1675 437
1 1676 526
1 1677 552
1 1678 801
1 1679 774
1 1680 188
1 1681 185
1 1682 89
1 1683 157
1 1684 969
1 1685 317
1 1686 950
1 1687 550
1 1688 282
1 1689 138
1 1690 558
1 1691 782
1 1692 851
1 1693 5
1 1694 661
1 1695 188
1 1696 490
1 1697 507
1 1698 232
1 1699 594
1 1700 812
1 1701 154
1 1702 916
1 1703 119
1 1704 950
1 1705 93
1 1706 63
1 1707 128
1 1708 269
1 1709 546
1 1710 140
1 1711 617
1 1712 653
1 1713 367
1 1714 138
1 1715 632
1 1716 780
1 1717 287
1 1718 462
1 1719 81
1 1720 103
1 1721 312
1 1722 763
1 1723 258
1 1724 611
1 1725 576
1 1726 872
1 1727 215
1 1728 604
1 1729 338
1 1730 42
1 1731 54
1 1732 328
1 1733 84
1 1734 940
1 1735 667
1 1736 972
1 1737 676
1 1738 781
1 1739 876
1 1740 437
1 1741 477
1 1742 225
1 1743 245
1 1744 831
1 1745 182
1 1746 5
1 1747 996
1 1748 9
1 1749 434
1 1750 382
1 1751 557
1 1752 678
1 1753 576
1 1754 890
1 1755 670
1 1756 419
1 1757 99
1 1758 637
1 1759 500
1 1760 143
1 1761 857
1 1762 68
1 1763 898
1 1764 725
1 1765 128
1 1766 581
1 1767 304
1 1768 843
1 1769 28
1 1770 492
1 1771 873
1 1772 782
1 1773 177
1 1774 534
1 1775 850
1 1776 443
1 1777 558
1 1778 984
1 1779 913
1 1780 174
1 1781 926
1 1782 16
1 1783 723
1 1784 397
1 1785 496
1 1786 818
1 1787 196
1 1788 205
1 1789 215
1 1790 515
1 1791 825
1 1792 155
1 1793 682
1 1794 576
1 1795 112
1 1796 955
1 1797 789
1 1798 831
1 1799 206
1 1800 611
1 1801 76
1 1802 484
1 1803 719
1 1804 672
1 1805 278
1 1806 564
1 1807 224
1 1808 679
1 1809 903
1 1810 668
1 1811 463
1 1812 436
1 1813 179
1 1814 674
1 1815 865
1 1816 766
1 1817 953
1 1818 954
1 1819 90
1 1820 400
1 1821 805
1 1822 233
1 1823 24
1 1824 935
1 1825 196
1 1826 29
1 1827 463
1 1828 706
1 1829 138
1 1830 882
1 1831 404
1 1832 268
1 1833 622
1 1834 637
1 1835 325
1 1836 331
1 1837 268
1 1838 555
1 1839 839
1 1840 740
1 1841 329
1 1842 810
1 1843 502
1 1844 236
1 1845 898
1 1846 974
1 1847 224
1 1848 183
1 1849 443
1 1850 76
1 1851 249
1 1852 707
1 1853 795
1 1854 953
1 1855 255
1 1856 309
1 1857 230
1 1858 435
1 1859 238
1 1860 242
1 1861 881
1 1862 910
1 1863 164
1 1864 254
1 1865 481
1 1866 487
1 1867 661
1 1868 303
1 1869 595
1 1870 459
1 1871 679
1 1872 250
1 1873 580
1 1874 488
1 1875 646
1 1876 52
1 1877 273
1 1878 554
1 1879 720
1 1880 298
1 1881 79
1 1882 646
1 1883 922
1 1884 752
1 1885 267
1 1886 42
1 1887 703
1 1888 28
1 1889 522
1 1890 778
1 1891 279
1 1892 603
1 1893 793
1 1894 611
1 1895 565
1 1896 673
1 1897 669
1 1898 354
1 1899 678
1 1900 965
1 1901 315
1 1902 277
1 1903 392
1 1904 218
1 1905 712
1 1906 671
1 1907 56
1 1908 869
1 1909 345
1 1910 744
1 1911 993
1 1912 813
1 1913 923
1 1914 218
1 1915 779
1 1916 733
1 1917 627
1 1918 844
1 1919 345
1 1920 892
1 1921 294
1 1922 713
1 1923 536
1 1924 109
1 1925 169
1 1926 297
1 1927 174
1 1928 917
1 1929 377
1 1930 6
1 1931 272
1 1932 531
1 1933 36
1 1934 671
1 1935 786
1 1936 26
1 1937 749
1 1938 336
1 1939 706
1 1940 640
1 1941 970
1 1942 22
1 1943 452
1 1944 194
1 1945 400
1 1946 862
1 1947 469
1 1948 764
1 1949 548
1 1950 710
1 1951 667
1 1952 284
1 1953 964
1 1954 610
1 1955 723
1 1956 639
1 1957 123
1 1958 536
1 1959 145
1 1960 730
1 1961 335
1 1962 707
1 1963 723
1 1964 890
1 1965 718
1 1966 994
1 1967 413
1 1968 467
1 1969 459
1 1970 961
1 1971 693
1 1972 995
1 1973 220
1 1974 125
1 1975 311
1 1976 983
1 1977 231
1 1978 356
1 1979 97
1 1980 852
1 1981 415
1 1982 714
1 1983 815
1 1984 702
1 1985 938
1 1986 732
1 1987 767
1 1988 643
1 1989 110
1 1990 536
1 1991 197
1 1992 440
1 1993 406
1 1994 433
1 1995 215
1 1996 946
1 1997 232
1 1998 246
1 1999 201
1 2000 933
2 2000 1
2 4000 1
2 6000 1
2 8000 1
2 10000 1
2 12000 1
2 14000 1
2 16000 1
2 18000 1
2 20000 1
2 22000 1
2 24000 1
2 26000 1
2 28000 1
2 30000 1
2 32000 1
2 34000 1
2 36000 1
2 38000 1
2 40000 1
2 42000 1
2 44000 1
2 46000 1
2 48000 1
2 50000 1
2 52000 1
2 54000 1
2 56000 1
2 58000 1
2 60000 1
2 62000 1
2 64000 1
2 66000 1
2 68000 1
2 70000 1
2 72000 1
2 74000 1
2 76000 1
2 78000 1
2 80000 1
2 82000 1
2 84000 1
2 86000 1
2 88000 1
2 90000 1
2 92000 1
2 94000 1
2 96000 1
2 98000 1
2 100000 1
2 102000 1
2 104000 1
2 106000 1
2 108000 1
2 110000 1
2 112000 1
2 114000 1
2 116000 1
2 118000 1
2 120000 1
2 122000 1
2 124000 1
2 126000 1
2 128000 1
2 130000 1
2 132000 1
2 134000 1
2 136000 1
2 138000 1
2 140000 1
2 142000 1
2 144000 1
2 146000 1
2 148000 1
2 150000 1
2 152000 1
2 154000 1
2 156000 1
2 158000 1
2 160000 1
2 162000 1
2 164000 1
2 166000 1
2 168000 1
2 170000 1
2 172000 1
2 174000 1
2 176000 1
2 178000 1
2 180000 1
2 182000 1
2 184000 1
2 186000 1
2 188000 1
2 190000 1
2 192000 1
2 194000 1
2 196000 1
2 198000 1
2 200000 1
2 202000 1
2 204000 1
2 206000 1
2 208000 1
2 210000 1
2 212000 1
2 214000 1
2 216000 1
2 218000 1
2 220000 1
2 222000 1
2 224000 1
2 226000 1
2 228000 1
2 230000 1
2 232000 1
2 234000 1
2 236000 1
2 238000 1
2 240000 1
2 242000 1
2 244000 1
2 246000 1
2 248000 1
2 250000 1
2 252000 1
2 254000 1
2 256000 1
2 258000 1
2 260000 1
2 262000 1
2 264000 1
2 266000 1
2 268000 1
2 270000 1
2 272000 1
2 274000 1
2 276000 1
2 278000 1
2 280000 1
2 282000 1
2 284000 1
2 286000 1
2 288000 1
2 290000 1
2 292000 1
2 294000 1
2 296000 1
2 298000 1
2 300000 1
2 302000 1
2 304000 1
2 306000 1
2 308000 1
2 310000 1
2 312000 1
2 314000 1
2 316000 1
2 318000 1
2 320000 1
2 322000 1
2 324000 1
2 326000 1
2 328000 1
2 330000 1
2 332000 1
2 334000 1
2 336000 1
2 338000 1
2 340000 1
2 342000 1
2 344000 1
2 346000 1
2 348000 1
2 350000 1
2 352000 1
2 354000 1
2 356000 1
2 358000 1
2 360000 1
2 362000 1
2 364000 1
2 366000 1
2 368000 1
2 370000 1
2 372000 1
2 374000 1
2 376000 1
2 378000 1
2 380000 1
2 382000 1
2 384000 1
2 386000 1
2 388000 1
2 390000 1
2 392000 1
2 394000 1
2 396000 1
2 398000 1
2 400000 1
2 402000 1
2 404000 1
2 406000 1
2 408000 1
2 410000 1
2 412000 1
2 414000 1
2 416000 1
2 418000 1
2 420000 1
2 422000 1
2 424000 1
2 426000 1
2 428000 1
2 430000 1
2 432000 1
2 434000 1
2 436000 1
2 438000 1
2 440000 1
2 442000 1
2 444000 1
2 446000 1
2 448000 1
2 450000 1
2 452000 1
2 454000 1
2 456000 1
2 458000 1
2 460000 1
2 462000 1
2 464000 1
2 466000 1
2 468000 1
2 470000 1
2 472000 1
2 474000 1
2 476000 1
2 478000 1
2 480000 1
2 482000 1
2 484000 1
2 486000 1
2 488000 1
2 490000 1
2 492000 1
2 494000 1
2 496000 1
2 498000 1
2 500000 1
2 502000 1
2 504000 1
2 506000 1
2 508000 1
2 510000 1
2 512000 1
2 514000 1
2 516000 1
2 518000 1
2 520000 1
2 522000 1
2 524000 1
2 526000 1
2 528000 1
2 530000 1
2 532000 1
2 534000 1
2 536000 1
2 538000 1
2 540000 1
2 542000 1
2 544000 1
2 546000 1
2 548000 1
2 550000 1
2 552000 1
2 554000 1
2 556000 1
2 558000 1
2 560000 1
2 562000 1
2 564000 1
2 566000 1
2 568000 1
2 570000 1
2 572000 1
2 574000 1
2 576000 1
2 578000 1
2 580000 1
2 582000 1
2 584000 1
2 586000 1
2 588000 1
2 590000 1
2 592000 1
2 594000 1
2 596000 1
2 598000 1
2 600000 1
2 602000 1
2 604000 1
2 606000 1
2 608000 1
2 610000 1
2 612000 1
2 614000 1
2 616000 1
2 618000 1
2 620000 1
2 622000 1
2 624000 1
2 626000 1
2 628000 1
2 630000 1
2 632000 1
2 634000 1
2 636000 1
2 638000 1
2 640000 1
2 642000 1
2 644000 1
2 646000 1
2 648000 1
2 650000 1
2 652000 1
2 654000 1
2 656000 1
2 658000 1
2 660000 1
2 662000 1
2 664000 1
2 666000 1
2 668000 1
2 670000 1
2 672000 1
2 674000 1
2 676000 1
2 678000 1
2 680000 1
2 682000 1
2 684000 1
2 686000 1
2 688000 1
2 690000 1
2 692000 1
2 694000 1
2 696000 1
2 698000 1
2 700000 1
2 702000 1
2 704000 1
2 706000 1
2 708000 1
2 710000 1
2 712000 1
2 714000 1
2 716000 1
2 718000 1
2 720000 1
2 722000 1
2 724000 1
2 726000 1
2 728000 1
2 730000 1
2 732000 1
2 734000 1
2 736000 1
2 738000 1
2 740000 1
2 742000 1
2 744000 1
2 746000 1
2 748000 1
2 750000 1
2 752000 1
2 754000 1
2 756000 1
2 758000 1
2 760000 1
2 762000 1
2 764000 1
2 766000 1
2 768000 1
2 770000 1
2 772000 1
2 774000 1
2 776000 1
2 778000 1
2 780000 1
2 782000 1
2 784000 1
2 786000 1
2 788000 1
2 790000 1
2 792000 1
2 794000 1
2 796000 1
2 798000 1
2 800000 1
2 802000 1
2 804000 1
2 806000 1
2 808000 1
2 810000 1
2 812000 1
2 814000 1
2 816000 1
2 818000 1
2 820000 1
2 822000 1
2 824000 1
2 826000 1
2 828000 1
2 830000 1
2 832000 1
2 834000 1
2 836000 1
2 838000 1
2 840000 1
2 842000 1
2 844000 1
2 846000 1
2 848000 1
2 850000 1
2 852000 1
2 854000 1
2 856000 1
2 858000 1
2 860000 1
2 862000 1
2 864000 1
2 866000 1
2 868000 1
2 870000 1
2 872000 1
2 874000 1
2 876000 1
2 878000 1
2 880000 1
2 882000 1
2 884000 1
2 886000 1
2 888000 1
2 890000 1
2 892000 1
2 894000 1
2 896000 1
2 898000 1
2 900000 1
2 902000 1
2 904000 1
2 906000 1
2 908000 1
2 910000 1
2 912000 1
2 914000 1
2 916000 1
2 918000 1
2 920000 1
2 922000 1
2 924000 1
2 926000 1
2 928000 1
2 930000 1
2 932000 1
2 934000 1
2 936000 1
2 938000 1
2 940000 1
2 942000 1
2 944000 1
2 946000 1
2 948000 1
2 950000 1
2 952000 1
2 954000 1
2 956000 1
2 958000 1
2 960000 1
2 962000 1
2 964000 1
2 966000 1
2 968000 1
2 970000 1
2 972000 1
2 974000 1
2 976000 1
2 978000 1
2 980000 1
2 982000 1
2 984000 1
2 986000 1
2 988000 1
2 990000 1
2 992000 1
2 994000 1
2 996000 1
2 998000 1
2 1000000 1
2 1002000 1
2 1004000 1
2 1006000 1
2 1008000 1
2 1010000 1
2 1012000 1
2 1014000 1
2 1016000 1
2 1018000 1
2 1020000 1
2 1022000 1
2 1024000 1
2 1026000 1
2 1028000 1
2 1030000 1
2 1032000 1
2 1034000 1
2 1036000 1
2 1038000 1
2 1040000 1
2 1042000 1
2 1044000 1
2 1046000 1
2 1048000 1
2 1050000 1
2 1052000 1
2 1054000 1
2 1056000 1
2 1058000 1
2 1060000 1
2 1062000 1
2 1064000 1
2 1066000 1
2 1068000 1
2 1070000 1
2 1072000 1
2 1074000 1
2 1076000 1
2 1078000 1
2 1080000 1
2 1082000 1
2 1084000 1
2 1086000 1
2 1088000 1
2 1090000 1
2 1092000 1
2 1094000 1
2 1096000 1
2 1098000 1
2 1100000 1
2 1102000 1
2 1104000 1
2 1106000 1
2 1108000 1
2 1110000 1
2 1112000 1
2 1114000 1
2 1116000 1
2 1118000 1
2 1120000 1
2 1122000 1
2 1124000 1
2 1126000 1
2 1128000 1
2 1130000 1
2 1132000 1
2 1134000 1
2 1136000 1
2 1138000 1
2 1140000 1
2 1142000 1
2 1144000 1
2 1146000 1
2 1148000 1
2 1150000 1
2 1152000 1
2 1154000 1
2 1156000 1
2 1158000 1
2 1160000 1
2 1162000 1
2 1164000 1
2 1166000 1
2 1168000 1
2 1170000 1
2 1172000 1
2 1174000 1
2 1176000 1
2 1178000 1
2 1180000 1
2 1182000 1
2 1184000 1
2 1186000 1
2 1188000 1
2 1190000 1
2 1192000 1
2 1194000 1
2 1196000 1
2 1198000 1
2 1200000 1
2 1202000 1
2 1204000 1
2 1206000 1
2 1208000 1
2 1210000 1
2 1212000 1
2 1214000 1
2 1216000 1
2 1218000 1
2 1220000 1
2 1222000 1
2 1224000 1
2 1226000 1
2 1228000 1
2 1230000 1
2 1232000 1
2 1234000 1
2 1236000 1
2 1238000 1
2 1240000 1
2 1242000 1
2 1244000 1
2 1246000 1
2 1248000 1
2 1250000 1
2 1252000 1
2 1254000 1
2 1256000 1
2 1258000 1
2 1260000 1
2 1262000 1
2 1264000 1
2 1266000 1
2 1268000 1
2 1270000 1
2 1272000 1
2 1274000 1
2 1276000 1
2 1278000 1
2 1280000 1
2 1282000 1
2 1284000 1
2 1286000 1
2 1288000 1
2 1290000 1
2 1292000 1
2 1294000 1
2 1296000 1
2 1298000 1
2 1300000 1
2 1302000 1
2 1304000 1
2 1306000 1
2 1308000 1
2 1310000 1
2 1312000 1
2 1314000 1
2 1316000 1
2 1318000 1
2 1320000 1
2 1322000 1
2 1324000 1
2 1326000 1
2 1328000 1
2 1330000 1
2 1332000 1
2 1334000 1
2 1336000 1
2 1338000 1
2 1340000 1
2 1342000 1
2 1344000 1
2 1346000 1
2 1348000 1
2 1350000 1
2 1352000 1
2 1354000 1
2 1356000 1
2 1358000 1
2 1360000 1
2 1362000 1
2 1364000 1
2 1366000 1
2 1368000 1
2 1370000 1
2 1372000 1
2 1374000 1
2 1376000 1
2 1378000 1
2 1380000 1
2 1382000 1
2 1384000 1
2 1386000 1
2 1388000 1
2 1390000 1
2 1392000 1
2 1394000 1
2 1396000 1
2 1398000 1
2 1400000 1
2 1402000 1
2 1404000 1
2 1406000 1
2 1408000 1
2 1410000 1
2 1412000 1
2 1414000 1
2 1416000 1
2 1418000 1
2 1420000 1
2 1422000 1
2 1424000 1
2 1426000 1
2 1428000 1
2 1430000 1
2 1432000 1
2 1434000 1
2 1436000 1
2 1438000 1
2 1440000 1
2 1442000 1
2 1444000 1
2 1446000 1
2 1448000 1
2 1450000 1
2 1452000 1
2 1454000 1
2 1456000 1
2 1458000 1
2 1460000 1
2 1462000 1
2 1464000 1
2 1466000 1
2 1468000 1
2 1470000 1
2 1472000 1
2 1474000 1
2 1476000 1
2 1478000 1
2 1480000 1
2 1482000 1
2 1484000 1
2 1486000 1
2 1488000 1
2 1490000 1
2 1492000 1
2 1494000 1
2 1496000 1
2 1498000 1
2 1500000 1
2 1502000 1
2 1504000 1
2 1506000 1
2 1508000 1
2 1510000 1
2 1512000 1
2 1514000 1
2 1516000 1
2 1518000 1
2 1520000 1
2 1522000 1
2 1524000 1
2 1526000 1
2 1528000 1
2 1530000 1
2 1532000 1
2 1534000 1
2 1536000 1
2 1538000 1
2 1540000 1
2 1542000 1
2 1544000 1
2 1546000 1
2 1548000 1
2 1550000 1
2 1552000 1
2 1554000 1
2 1556000 1
2 1558000 1
2 1560000 1
2 1562000 1
2 1564000 1
2 1566000 1
2 1568000 1
2 1570000 1
2 1572000 1
2 1574000 1
2 1576000 1
2 1578000 1
2 1580000 1
2 1582000 1
2 1584000 1
2 1586000 1
2 1588000 1
2 1590000 1
2 1592000 1
2 1594000 1
2 1596000 1
2 1598000 1
2 1600000 1
2 1602000 1
2 1604000 1
2 1606000 1
2 1608000 1
2 1610000 1
2 1612000 1
2 1614000 1
2 1616000 1
2 1618000 1
2 1620000 1
2 1622000 1
2 1624000 1
2 1626000 1
2 1628000 1
2 1630000 1
2 1632000 1
2 1634000 1
2 1636000 1
2 1638000 1
2 1640000 1
2 1642000 1
2 1644000 1
2 1646000 1
2 1648000 1
2 1650000 1
2 1652000 1
2 1654000 1
2 1656000 1
2 1658000 1
2 1660000 1
2 1662000 1
2 1664000 1
2 1666000 1
2 1668000 1
2 1670000 1
2 1672000 1
2 1674000 1
2 1676000 1
2 1678000 1
2 1680000 1
2 1682000 1
2 1684000 1
2 1686000 1
2 1688000 1
2 1690000 1
2 1692000 1
2 1694000 1
2 1696000 1
2 1698000 1
2 1700000 1
2 1702000 1
2 1704000 1
2 1706000 1
2 1708000 1
2 1710000 1
2 1712000 1
2 1714000 1
2 1716000 1
2 1718000 1
2 1720000 1
2 1722000 1
2 1724000 1
2 1726000 1
2 1728000 1
2 1730000 1
2 1732000 1
2 1734000 1
2 1736000 1
2 1738000 1
2 1740000 1
2 1742000 1
2 1744000 1
2 1746000 1
2 1748000 1
2 1750000 1
2 1752000 1
2 1754000 1
2 1756000 1
2 1758000 1
2 1760000 1
2 1762000 1
2 1764000 1
2 1766000 1
2 1768000 1
2 1770000 1
2 1772000 1
2 1774000 1
2 1776000 1
2 1778000 1
2 1780000 1
2 1782000 1
2 1784000 1
2 1786000 1
2 1788000 1
2 1790000 1
2 1792000 1
2 1794000 1
2 1796000 1
2 1798000 1
2 1800000 1
2 1802000 1
2 1804000 1
2 1806000 1
2 1808000 1
2 1810000 1
2 1812000 1
2 1814000 1
2 1816000 1
2 1818000 1
2 1820000 1
2 1822000 1
2 1824000 1
2 1826000 1
2 1828000 1
2 1830000 1
2 1832000 1
2 1834000 1
2 1836000 1
2 1838000 1
2 1840000 1
2 1842000 1
2 1844000 1
2 1846000 1
2 1848000 1
2 1850000 1
2 1852000 1
2 1854000 1
2 1856000 1
2 1858000 1
2 1860000 1
2 1862000 1
2 1864000 1
2 1866000 1
2 1868000 1
2 1870000 1
2 1872000 1
2 1874000 1
2 1876000 1
2 1878000 1
2 1880000 1
2 1882000 1
2 1884000 1
2 1886000 1
2 1888000 1
2 1890000 1
2 1892000 1
2 1894000 1
2 1896000 1
2 1898000 1
2 1900000 1
2 1902000 1
2 1904000 1
2 1906000 1
2 1908000 1
2 1910000 1
2 1912000 1
2 1914000 1
2 1916000 1
2 1918000 1
2 1920000 1
2 1922000 1
2 1924000 1
2 1926000 1
2 1928000 1
2 1930000 1
2 1932000 1
2 1934000 1
2 1936000 1
2 1938000 1
2 1940000 1
2 1942000 1
2 1944000 1
2 1946000 1
2 1948000 1
2 1950000 1
2 1952000 1
2 1954000 1
2 1956000 1
2 1958000 1
2 1960000 1
2 1962000 1
2 1964000 1
2 1966000 1
2 1968000 1
2 1970000 1
2 1972000 1
2 1974000 1
2 1976000 1
2 1978000 1
2 1980000 1
2 1982000 1
2 1984000 1
2 1986000 1
2 1988000 1
2 1990000 1
2 1992000 1
2 1994000 1
2 1996000 1
2 1998000 1
2 2000000 1
3 1 2002000
4 1
4 1
4 1
4 1
4 1
4 1
4 1
4 1
4 1
4 1
4 1
4 1
4 1
4 1
4 1
4 1
4 1
4 1
4 1
4 1
4 1
4 1
4 1
4 1
4 1
4 1
4 1
4 1
4 1
4 1
4 1
4 1
4 1
4 1
4 1
4 1
4 1
4 1
4 1
4 1
4 1
4 1
4 1
4 1
4 1
4 1
4 1
4 1
4 1
4 1
4 1
4 1
4 1
4 1
4 1
4 1
4 1
4 1
4 1
4 1
4 1
4 1
4 1
4 1
4 1
4 1
4 1
4 1
4 1
4 1
4 1
4 1
4 1
4 1
4 1
4 1
4 1
4 1
4 1
4 1
4 1
4 1
4 1
4 1
4 1
4 1
4 1
4 1
4 1
4 1
4 1
4 1
4 1
4 1
4 1
4 1
4 1
4 1
4 1
4 1
4 1
4 1
4 1
4 1
4 1
4 1
4 1
4 1
4 1
4 1
4 1
4 1
4 1
4 1
4 1
4 1
4 1
4 1
4 1
4 1
4 1
4 1
4 1
4 1
4 1
4 1
4 1
4 1
4 1
4 1
4 1
4 1
4 1
4 1
4 1
4 1
4 1
4 1
4 1
4 1
4 1
4 1
4 1
4 1
4 1
4 1
4 1
4 1
4 1
4 1
4 1
4 1
4 1
4 1
4 1
4 1
4 1
4 1
4 1
4 1
4 1
4 1
4 1
4 1
4 1
4 1
4 1
4 1
4 1
4 1
4 1
4 1
4 1
4 1
4 1
4 1
4 1
4 1
4 1
4 1
4 1
4 1
4 1
4 1
4 1
4 1
4 1
4 1
4 1
4 1
4 1
4 1
4 1
4 1
4 1
4 1
4 1
4 1
4 1
4 1
4 1
4 1
4 1
4 1
4 1
4 1
4 1
4 1
4 1
4 1
4 1
4 1
4 1
4 1
4 1
4 1
4 1
4 1
4 1
4 1
4 1
4 1
4 1
4 1
4 1
4 1
4 1
4 1
4 1
4 1
4 1
4 1
4 1
4 1
4 1
4 1
4 1
4 1
4 1
4 1
4 1
4 1
4 1
4 1
4 1
4 1
4 1
4 1
4 1
4 1
4 1
4 1
4 1
4 1
4 1
4 1
4 1
4 1
4 1
4 1
4 1
4 1
4 1
4 1
4 1
4 1
4 1
4 1
4 1
4 1
4 1
4 1
4 1
4 1
4 1
4 1
4 1
4 1
4 1
4 1
4 1
4 1
4 1
4 1
4 1
4 1
4 1
4 1
4 1
4 1
4 1
4 1
4 1
4 1
4 1
4 1
4 1
4 1
4 1
4 1
4 1
4 1
4 1
4 1
4 1
4 1
4 1
4 1
4 1
4 1
4 1
4 1
4 1
4 1
4 1
4 1
4 1
4 1
4 1
4 1
4 1
4 1
4 1
4 1
4 1
4 1
4 1
4 1
4 1
4 1
4 1
4 1
4 1
4 1
4 1
4 1
4 1
4 1
4 1
4 1
4 1
4 1
4 1
4 1
4 1
4 1
4 1
4 1
4 1
4 1
4 1
4 1
4 1
4 1
4 1
4 1
4 1
4 1
4 1
4 1
4 1
4 1
4 1
4 1
4 1
4 1
4 1
4 1
4 1
4 1
4 1
4 1
4 1
4 1
4 1
4 1
4 1
4 1
4 1
4 1
4 1
4 1
4 1
4 1
4 1
4 1
4 1
4 1
4 1
4 1
4 1
4 1
4 1
4 1
4 1
4 1
4 1
4 1
4 1
4 1
4 1
4 1
4 1
4 1
4 1
4 1
4 1
4 1
4 1
4 1
4 1
4 1
4 1
4 1
4 1
4 1
4 1
4 1
4 1
4 1
4 1
4 1
4 1
4 1
4 1
4 1
4 1
4 1
4 1
4 1
4 1
4 1
4 1
4 1
4 1
4 1
4 1
4 1
4 1
4 1
4 1
4 1
4 1
4 1
4 1
4 1
4 1
4 1
4 1
4 1
4 1
4 1
4 1
4 1
4 1
4 1
4 1
4 1
4 1
4 1
4 1
4 1
4 1
4 1
4 1
4 1
4 1
4 1
4 1
4 1
4 1
4 1
4 1
4 1
4 1
4 1
4 1
4 1
4 1
4 1
4 1
4 1
4 1
4 1
4 1
4 1
4 1
4 1
4 1
4 1
4 1
4 1
4 1
4 1
4 1
4 1
4 1
4 1
4 1
4 1
4 1
4 1
4 1
4 1
4 1
4 1
4 1
4 1
4 1
4 1
4 1
4 1
4 1
4 1
4 1
4 1
4 1
4 1
4 1
4 1
4 1
4 1
4 1
4 1
4 1
4 1
4 1
4 1
4 1
4 1
4 1
4 1
4 1
4 1
4 1
4 1
4 1
4 1
4 1
4 1
4 1
4 1
4 1
4 1
4 1
4 1
4 1
4 1
4 1
4 1
4 1
4 1
4 1
4 1
4 1
4 1
4 1
4 1
4 1
4 1
4 1
4 1
4 1
4 1
4 1
4 1
4 1
4 1
4 1
4 1
4 1
4 1
4 1
4 1
4 1
4 1
4 1
4 1
4 1
4 1
4 1
4 1
4 1
4 1
4 1
4 1
4 1
4 1
4 1
4 1
4 1
4 1
4 1
4 1
4 1
4 1
4 1
4 1
4 1
4 1
4 1
4 1
4 1
4 1
4 1
4 1
4 1
4 1
4 1
4 1
4 1
4 1
4 1
4 1
4 1
4 1
4 1
4 1
4 1
4 1
4 1
4 1
4 1
4 1
4 1
4 1
4 1
4 1
4 1
4 1
4 1
4 1
4 1
4 1
4 1
4 1
4 1
4 1
4 1
4 1
4 1
4 1
4 1
4 1
4 1
4 1
4 1
4 1
4 1
4 1
4 1
4 1
4 1
4 1
4 1
4 1
4 1
4 1
4 1
4 1
4 1
4 1
4 1
4 1
4 1
4 1
4 1
4 1
4 1
4 1
4 1
4 1
4 1
4 1
4 1
4 1
4 1
4 1
4 1
4 1
4 1
4 1
4 1
4 1
4 1
4 1
4 1
4 1
4 1
4 1
4 1
4 1
4 1
4 1
4 1
4 1
4 1
4 1
4 1
4 1
4 1
4 1
4 1
4 1
4 1
4 1
4 1
4 1
4 1
4 1
4 1
4 1
4 1
4 1
4 1
4 1
4 1
4 1
4 1
4 1
4 1
4 1
4 1
4 1
4 1
4 1
4 1
4 1
4 1
4 1
4 1
4 1
4 1
4 1
4 1
4 1
4 1
4 1
4 1
4 1
4 1
4 1
4 1
4 1
4 1
4 1
4 1
4 1
4 1
4 1
4 1
4 1
4 1
4 1
4 1
4 1
4 1
4 1
4 1
4 1
4 1
4 1
4 1
4 1
4 1
4 1
4 1
4 1
4 1
4 1
4 1
4 1
4 1
4 1
4 1
4 1
4 1
4 1
4 1
4 1
4 1
4 1
4 1
4 1
4 1
4 1
4 1
4 1
4 1
4 1
4 1
4 1
4 1
4 1
4 1
4 1
4 1
4 1
4 1
4 1
4 1
4 1
4 1
4 1
4 1
4 1
4 1
4 1
4 1
4 1
4 1
4 1
4 1
4 1
4 1
4 1
4 1
4 1
4 1
4 1
4 1
4 1
4 1
4 1
4 1
4 1
4 1
4 1
4 1
4 1
4 1
4 1
4 1
4 1
4 1
4 1
4 1
4 1
4 1
4 1
4 1
4 1
4 1
4 1
4 1
4 1
4 1
4 1
4 1
4 1
4 1
4 1
4 1
4 1
4 1
4 1
4 1
4 1
4 1
4 1
4 1
4 1
4 1
4 1
4 1
4 1
4 1
4 1
4 1
4 1
4 1
4 1
4 1
4 1
4 1
4 1
4 1
4 1
4 1
4 1
4 1
4 1
4 1
4 1
4 1
4 1
4 1
4 1
4 1
4 1
4 1
4 1
4 1
4 1
4 1
4 1
4 1
4 1
4 1
4 1
4 1
4 1
4 1
4 1
4 1
4 1
4 1
4 1
4 1
4 1
4 1
4 1
4 1
4 1
4 1
4 1
4 1
4 1
4 1
4 1
4 1
4 1
4 1
4 1
4 1
4 1
4 1
4 1
4 1
4 1
4 1
4 1
4 1
4 1
4 1
4 1
4 1
4 1
4 1
4 1
4 1
4 1
4 1
4 1
4 1
4 1
4 1
4 1
4 1
4 1
4 1
4 1
4 1
4 1
4 1
4 1
4 1
4 1
4 1
4 1
4 1
4 1
4 1
4 1
4 1
4 1
4 1
4 1
4 1
4 1
4 1
4 1
4 1
4 1
4 1
4 1
4 1
4 1
4 1
4 1
4 1
4 1
4 1
4 1
4 1
4 1
4 1
4 1
4 1
4 1
4 1
4 1
4 1
4 1
4 1
4 1
4 1
4 1
4 1
4 1
