2000 2000 0
1 2 999
2 3 999
3 4 999
4 5 999
5 6 999
6 7 999
7 8 999
8 9 999
9 10 999
10 11 999
11 12 999
12 13 999
13 14 999
14 15 999
15 16 999
16 17 999
17 18 999
18 19 999
19 20 999
20 21 999
21 22 999
22 23 999
23 24 999
24 25 999
25 26 999
26 27 999
27 28 999
28 29 999
29 30 999
30 31 999
31 32 999
32 33 999
33 34 999
34 35 999
35 36 999
36 37 999
37 38 999
38 39 999
39 40 999
40 41 999
41 42 999
42 43 999
43 44 999
44 45 999
45 46 999
46 47 999
47 48 999
48 49 999
49 50 999
50 51 999
51 52 999
52 53 999
53 54 999
54 55 999
55 56 999
56 57 999
57 58 999
58 59 999
59 60 999
60 61 999
61 62 999
62 63 999
63 64 999
64 65 999
65 66 999
66 67 999
67 68 999
68 69 999
69 70 999
70 71 999
71 72 999
72 73 999
73 74 999
74 75 999
75 76 999
76 77 999
77 78 999
78 79 999
79 80 999
80 81 999
81 82 999
82 83 999
83 84 999
84 85 999
85 86 999
86 87 999
87 88 999
88 89 999
89 90 999
90 91 999
91 92 999
92 93 999
93 94 999
94 95 999
95 96 999
96 97 999
97 98 999
98 99 999
99 100 999
100 101 999
101 102 999
102 103 999
103 104 999
104 105 999
105 106 999
106 107 999
107 108 999
108 109 999
109 110 999
110 111 999
111 112 999
112 113 999
113 114 999
114 115 999
115 116 999
116 117 999
117 118 999
118 119 999
119 120 999
120 121 999
121 122 999
122 123 999
123 124 999
124 125 999
125 126 999
126 127 999
127 128 999
128 129 999
129 130 999
130 131 999
131 132 999
132 133 999
133 134 999
134 135 999
135 136 999
136 137 999
137 138 999
138 139 999
139 140 999
140 141 999
141 142 999
142 143 999
143 144 999
144 145 999
145 146 999
146 147 999
147 148 999
148 149 999
149 150 999
150 151 999
151 152 999
152 153 999
153 154 999
154 155 999
155 156 999
156 157 999
157 158 999
158 159 999
159 160 999
160 161 999
161 162 999
162 163 999
163 164 999
164 165 999
165 166 999
166 167 999
167 168 999
168 169 999
169 170 999
170 171 999
171 172 999
172 173 999
173 174 999
174 175 999
175 176 999
176 177 999
177 178 999
178 179 999
179 180 999
180 181 999
181 182 999
182 183 999
183 184 999
184 185 999
185 186 999
186 187 999
187 188 999
188 189 999
189 190 999
190 191 999
191 192 999
192 193 999
193 194 999
194 195 999
195 196 999
196 197 999
197 198 999
198 199 999
199 200 999
200 201 999
201 202 999
202 203 999
203 204 999
204 205 999
205 206 999
206 207 999
207 208 999
208 209 999
209 210 999
210 211 999
211 212 999
212 213 999
213 214 999
214 215 999
215 216 999
216 217 999
217 218 999
218 219 999
219 220 999
220 221 999
221 222 999
222 223 999
223 224 999
224 225 999
225 226 999
226 227 999
227 228 999
228 229 999
229 230 999
230 231 999
231 232 999
232 233 999
233 234 999
234 235 999
235 236 999
236 237 999
237 238 999
238 239 999
239 240 999
240 241 999
241 242 999
242 243 999
243 244 999
244 245 999
245 246 999
246 247 999
247 248 999
248 249 999
249 250 999
250 251 999
251 252 999
252 253 999
253 254 999
254 255 999
255 256 999
256 257 999
257 258 999
258 259 999
259 260 999
260 261 999
261 262 999
262 263 999
263 264 999
264 265 999
265 266 999
266 267 999
267 268 999
268 269 999
269 270 999
270 271 999
271 272 999
272 273 999
273 274 999
274 275 999
275 276 999
276 277 999
277 278 999
278 279 999
279 280 999
280 281 999
281 282 999
282 283 999
283 284 999
284 285 999
285 286 999
286 287 999
287 288 999
288 289 999
289 290 999
290 291 999
291 292 999
292 293 999
293 294 999
294 295 999
295 296 999
296 297 999
297 298 999
298 299 999
299 300 999
300 301 999
301 302 999
302 303 999
303 304 999
304 305 999
305 306 999
306 307 999
307 308 999
308 309 999
309 310 999
310 311 999
311 312 999
312 313 999
313 314 999
314 315 999
315 316 999
316 317 999
317 318 999
318 319 999
319 320 999
320 321 999
321 322 999
322 323 999
323 324 999
324 325 999
325 326 999
326 327 999
327 328 999
328 329 999
329 330 999
330 331 999
331 332 999
332 333 999
333 334 999
334 335 999
335 336 999
336 337 999
337 338 999
338 339 999
339 340 999
340 341 999
341 342 999
342 343 999
343 344 999
344 345 999
345 346 999
346 347 999
347 348 999
348 349 999
349 350 999
350 351 999
351 352 999
352 353 999
353 354 999
354 355 999
355 356 999
356 357 999
357 358 999
358 359 999
359 360 999
360 361 999
361 362 999
362 363 999
363 364 999
364 365 999
365 366 999
366 367 999
367 368 999
368 369 999
369 370 999
370 371 999
371 372 999
372 373 999
373 374 999
374 375 999
375 376 999
376 377 999
377 378 999
378 379 999
379 380 999
380 381 999
381 382 999
382 383 999
383 384 999
384 385 999
385 386 999
386 387 999
387 388 999
388 389 999
389 390 999
390 391 999
391 392 999
392 393 999
393 394 999
394 395 999
395 396 999
396 397 999
397 398 999
398 399 999
399 400 999
400 401 999
401 402 999
402 403 999
403 404 999
404 405 999
405 406 999
406 407 999
407 408 999
408 409 999
409 410 999
410 411 999
411 412 999
412 413 999
413 414 999
414 415 999
415 416 999
416 417 999
417 418 999
418 419 999
419 420 999
420 421 999
421 422 999
422 423 999
423 424 999
424 425 999
425 426 999
426 427 999
427 428 999
428 429 999
429 430 999
430 431 999
431 432 999
432 433 999
433 434 999
434 435 999
435 436 999
436 437 999
437 438 999
438 439 999
439 440 999
440 441 999
441 442 999
442 443 999
443 444 999
444 445 999
445 446 999
446 447 999
447 448 999
448 449 999
449 450 999
450 451 999
451 452 999
452 453 999
453 454 999
454 455 999
455 456 999
456 457 999
457 458 999
458 459 999
459 460 999
460 461 999
461 462 999
462 463 999
463 464 999
464 465 999
465 466 999
466 467 999
467 468 999
468 469 999
469 470 999
470 471 999
471 472 999
472 473 999
473 474 999
474 475 999
475 476 999
476 477 999
477 478 999
478 479 999
479 480 999
480 481 999
481 482 999
482 483 999
483 484 999
484 485 999
485 486 999
486 487 999
487 488 999
488 489 999
489 490 999
490 491 999
491 492 999
492 493 999
493 494 999
494 495 999
495 496 999
496 497 999
497 498 999
498 499 999
499 500 999
500 501 999
501 502 999
502 503 999
503 504 999
504 505 999
505 506 999
506 507 999
507 508 999
508 509 999
509 510 999
510 511 999
511 512 999
512 513 999
513 514 999
514 515 999
515 516 999
516 517 999
517 518 999
518 519 999
519 520 999
520 521 999
521 522 999
522 523 999
523 524 999
524 525 999
525 526 999
526 527 999
527 528 999
528 529 999
529 530 999
530 531 999
531 532 999
532 533 999
533 534 999
534 535 999
535 536 999
536 537 999
537 538 999
538 539 999
539 540 999
540 541 999
541 542 999
542 543 999
543 544 999
544 545 999
545 546 999
546 547 999
547 548 999
548 549 999
549 550 999
550 551 999
551 552 999
552 553 999
553 554 999
554 555 999
555 556 999
556 557 999
557 558 999
558 559 999
559 560 999
560 561 999
561 562 999
562 563 999
563 564 999
564 565 999
565 566 999
566 567 999
567 568 999
568 569 999
569 570 999
570 571 999
571 572 999
572 573 999
573 574 999
574 575 999
575 576 999
576 577 999
577 578 999
578 579 999
579 580 999
580 581 999
581 582 999
582 583 999
583 584 999
584 585 999
585 586 999
586 587 999
587 588 999
588 589 999
589 590 999
590 591 999
591 592 999
592 593 999
593 594 999
594 595 999
595 596 999
596 597 999
597 598 999
598 599 999
599 600 999
600 601 999
601 602 999
602 603 999
603 604 999
604 605 999
605 606 999
606 607 999
607 608 999
608 609 999
609 610 999
610 611 999
611 612 999
612 613 999
613 614 999
614 615 999
615 616 999
616 617 999
617 618 999
618 619 999
619 620 999
620 621 999
621 622 999
622 623 999
623 624 999
624 625 999
625 626 999
626 627 999
627 628 999
628 629 999
629 630 999
630 631 999
631 632 999
632 633 999
633 634 999
634 635 999
635 636 999
636 637 999
637 638 999
638 639 999
639 640 999
640 641 999
641 642 999
642 643 999
643 644 999
644 645 999
645 646 999
646 647 999
647 648 999
648 649 999
649 650 999
650 651 999
651 652 999
652 653 999
653 654 999
654 655 999
655 656 999
656 657 999
657 658 999
658 659 999
659 660 999
660 661 999
661 662 999
662 663 999
663 664 999
664 665 999
665 666 999
666 667 999
667 668 999
668 669 999
669 670 999
670 671 999
671 672 999
672 673 999
673 674 999
674 675 999
675 676 999
676 677 999
677 678 999
678 679 999
679 680 999
680 681 999
681 682 999
682 683 999
683 684 999
684 685 999
685 686 999
686 687 999
687 688 999
688 689 999
689 690 999
690 691 999
691 692 999
692 693 999
693 694 999
694 695 999
695 696 999
696 697 999
697 698 999
698 699 999
699 700 999
700 701 999
701 702 999
702 703 999
703 704 999
704 705 999
705 706 999
706 707 999
707 708 999
708 709 999
709 710 999
710 711 999
711 712 999
712 713 999
713 714 999
714 715 999
715 716 999
716 717 999
717 718 999
718 719 999
719 720 999
720 721 999
721 722 999
722 723 999
723 724 999
724 725 999
725 726 999
726 727 999
727 728 999
728 729 999
729 730 999
730 731 999
731 732 999
732 733 999
733 734 999
734 735 999
735 736 999
736 737 999
737 738 999
738 739 999
739 740 999
740 741 999
741 742 999
742 743 999
743 744 999
744 745 999
745 746 999
746 747 999
747 748 999
748 749 999
749 750 999
750 751 999
751 752 999
752 753 999
753 754 999
754 755 999
755 756 999
756 757 999
757 758 999
758 759 999
759 760 999
760 761 999
761 762 999
762 763 999
763 764 999
764 765 999
765 766 999
766 767 999
767 768 999
768 769 999
769 770 999
770 771 999
771 772 999
772 773 999
773 774 999
774 775 999
775 776 999
776 777 999
777 778 999
778 779 999
779 780 999
780 781 999
781 782 999
782 783 999
783 784 999
784 785 999
785 786 999
786 787 999
787 788 999
788 789 999
789 790 999
790 791 999
791 792 999
792 793 999
793 794 999
794 795 999
795 796 999
796 797 999
797 798 999
798 799 999
799 800 999
800 801 999
801 802 999
802 803 999
803 804 999
804 805 999
805 806 999
806 807 999
807 808 999
808 809 999
809 810 999
810 811 999
811 812 999
812 813 999
813 814 999
814 815 999
815 816 999
816 817 999
817 818 999
818 819 999
819 820 999
820 821 999
821 822 999
822 823 999
823 824 999
824 825 999
825 826 999
826 827 999
827 828 999
828 829 999
829 830 999
830 831 999
831 832 999
832 833 999
833 834 999
834 835 999
835 836 999
836 837 999
837 838 999
838 839 999
839 840 999
840 841 999
841 842 999
842 843 999
843 844 999
844 845 999
845 846 999
846 847 999
847 848 999
848 849 999
849 850 999
850 851 999
851 852 999
852 853 999
853 854 999
854 855 999
855 856 999
856 857 999
857 858 999
858 859 999
859 860 999
860 861 999
861 862 999
862 863 999
863 864 999
864 865 999
865 866 999
866 867 999
867 868 999
868 869 999
869 870 999
870 871 999
871 872 999
872 873 999
873 874 999
874 875 999
875 876 999
876 877 999
877 878 999
878 879 999
879 880 999
880 881 999
881 882 999
882 883 999
883 884 999
884 885 999
885 886 999
886 887 999
887 888 999
888 889 999
889 890 999
890 891 999
891 892 999
892 893 999
893 894 999
894 895 999
895 896 999
896 897 999
897 898 999
898 899 999
899 900 999
900 901 999
901 902 999
902 903 999
903 904 999
904 905 999
905 906 999
906 907 999
907 908 999
908 909 999
909 910 999
910 911 999
911 912 999
912 913 999
913 914 999
914 915 999
915 916 999
916 917 999
917 918 999
918 919 999
919 920 999
920 921 999
921 922 999
922 923 999
923 924 999
924 925 999
925 926 999
926 927 999
927 928 999
928 929 999
929 930 999
930 931 999
931 932 999
932 933 999
933 934 999
934 935 999
935 936 999
936 937 999
937 938 999
938 939 999
939 940 999
940 941 999
941 942 999
942 943 999
943 944 999
944 945 999
945 946 999
946 947 999
947 948 999
948 949 999
949 950 999
950 951 999
951 952 999
952 953 999
953 954 999
954 955 999
955 956 999
956 957 999
957 958 999
958 959 999
959 960 999
960 961 999
961 962 999
962 963 999
963 964 999
964 965 999
965 966 999
966 967 999
967 968 999
968 969 999
969 970 999
970 971 999
971 972 999
972 973 999
973 974 999
974 975 999
975 976 999
976 977 999
977 978 999
978 979 999
979 980 999
980 981 999
981 982 999
982 983 999
983 984 999
984 985 999
985 986 999
986 987 999
987 988 999
988 989 999
989 990 999
990 991 999
991 992 999
992 993 999
993 994 999
994 995 999
995 996 999
996 997 999
997 998 999
998 999 999
999 1000 999
1000 1001 999
1001 1002 999
1002 1003 999
1003 1004 999
1004 1005 999
1005 1006 999
1006 1007 999
1007 1008 999
1008 1009 999
1009 1010 999
1010 1011 999
1011 1012 999
1012 1013 999
1013 1014 999
1014 1015 999
1015 1016 999
1016 1017 999
1017 1018 999
1018 1019 999
1019 1020 999
1020 1021 999
1021 1022 999
1022 1023 999
1023 1024 999
1024 1025 999
1025 1026 999
1026 1027 999
1027 1028 999
1028 1029 999
1029 1030 999
1030 1031 999
1031 1032 999
1032 1033 999
1033 1034 999
1034 1035 999
1035 1036 999
1036 1037 999
1037 1038 999
1038 1039 999
1039 1040 999
1040 1041 999
1041 1042 999
1042 1043 999
1043 1044 999
1044 1045 999
1045 1046 999
1046 1047 999
1047 1048 999
1048 1049 999
1049 1050 999
1050 1051 999
1051 1052 999
1052 1053 999
1053 1054 999
1054 1055 999
1055 1056 999
1056 1057 999
1057 1058 999
1058 1059 999
1059 1060 999
1060 1061 999
1061 1062 999
1062 1063 999
1063 1064 999
1064 1065 999
1065 1066 999
1066 1067 999
1067 1068 999
1068 1069 999
1069 1070 999
1070 1071 999
1071 1072 999
1072 1073 999
1073 1074 999
1074 1075 999
1075 1076 999
1076 1077 999
1077 1078 999
1078 1079 999
1079 1080 999
1080 1081 999
1081 1082 999
1082 1083 999
1083 1084 999
1084 1085 999
1085 1086 999
1086 1087 999
1087 1088 999
1088 1089 999
1089 1090 999
1090 1091 999
1091 1092 999
1092 1093 999
1093 1094 999
1094 1095 999
1095 1096 999
1096 1097 999
1097 1098 999
1098 1099 999
1099 1100 999
1100 1101 999
1101 1102 999
1102 1103 999
1103 1104 999
1104 1105 999
1105 1106 999
1106 1107 999
1107 1108 999
1108 1109 999
1109 1110 999
1110 1111 999
1111 1112 999
1112 1113 999
1113 1114 999
1114 1115 999
1115 1116 999
1116 1117 999
1117 1118 999
1118 1119 999
1119 1120 999
1120 1121 999
1121 1122 999
1122 1123 999
1123 1124 999
1124 1125 999
1125 1126 999
1126 1127 999
1127 1128 999
1128 1129 999
1129 1130 999
1130 1131 999
1131 1132 999
1132 1133 999
1133 1134 999
1134 1135 999
1135 1136 999
1136 1137 999
1137 1138 999
1138 1139 999
1139 1140 999
1140 1141 999
1141 1142 999
1142 1143 999
1143 1144 999
1144 1145 999
1145 1146 999
1146 1147 999
1147 1148 999
1148 1149 999
1149 1150 999
1150 1151 999
1151 1152 999
1152 1153 999
1153 1154 999
1154 1155 999
1155 1156 999
1156 1157 999
1157 1158 999
1158 1159 999
1159 1160 999
1160 1161 999
1161 1162 999
1162 1163 999
1163 1164 999
1164 1165 999
1165 1166 999
1166 1167 999
1167 1168 999
1168 1169 999
1169 1170 999
1170 1171 999
1171 1172 999
1172 1173 999
1173 1174 999
1174 1175 999
1175 1176 999
1176 1177 999
1177 1178 999
1178 1179 999
1179 1180 999
1180 1181 999
1181 1182 999
1182 1183 999
1183 1184 999
1184 1185 999
1185 1186 999
1186 1187 999
1187 1188 999
1188 1189 999
1189 1190 999
1190 1191 999
1191 1192 999
1192 1193 999
1193 1194 999
1194 1195 999
1195 1196 999
1196 1197 999
1197 1198 999
1198 1199 999
1199 1200 999
1200 1201 999
1201 1202 999
1202 1203 999
1203 1204 999
1204 1205 999
1205 1206 999
1206 1207 999
1207 1208 999
1208 1209 999
1209 1210 999
1210 1211 999
1211 1212 999
1212 1213 999
1213 1214 999
1214 1215 999
1215 1216 999
1216 1217 999
1217 1218 999
1218 1219 999
1219 1220 999
1220 1221 999
1221 1222 999
1222 1223 999
1223 1224 999
1224 1225 999
1225 1226 999
1226 1227 999
1227 1228 999
1228 1229 999
1229 1230 999
1230 1231 999
1231 1232 999
1232 1233 999
1233 1234 999
1234 1235 999
1235 1236 999
1236 1237 999
1237 1238 999
1238 1239 999
1239 1240 999
1240 1241 999
1241 1242 999
1242 1243 999
1243 1244 999
1244 1245 999
1245 1246 999
1246 1247 999
1247 1248 999
1248 1249 999
1249 1250 999
1250 1251 999
1251 1252 999
1252 1253 999
1253 1254 999
1254 1255 999
1255 1256 999
1256 1257 999
1257 1258 999
1258 1259 999
1259 1260 999
1260 1261 999
1261 1262 999
1262 1263 999
1263 1264 999
1264 1265 999
1265 1266 999
1266 1267 999
1267 1268 999
1268 1269 999
1269 1270 999
1270 1271 999
1271 1272 999
1272 1273 999
1273 1274 999
1274 1275 999
1275 1276 999
1276 1277 999
1277 1278 999
1278 1279 999
1279 1280 999
1280 1281 999
1281 1282 999
1282 1283 999
1283 1284 999
1284 1285 999
1285 1286 999
1286 1287 999
1287 1288 999
1288 1289 999
1289 1290 999
1290 1291 999
1291 1292 999
1292 1293 999
1293 1294 999
1294 1295 999
1295 1296 999
1296 1297 999
1297 1298 999
1298 1299 999
1299 1300 999
1300 1301 999
1301 1302 999
1302 1303 999
1303 1304 999
1304 1305 999
1305 1306 999
1306 1307 999
1307 1308 999
1308 1309 999
1309 1310 999
1310 1311 999
1311 1312 999
1312 1313 999
1313 1314 999
1314 1315 999
1315 1316 999
1316 1317 999
1317 1318 999
1318 1319 999
1319 1320 999
1320 1321 999
1321 1322 999
1322 1323 999
1323 1324 999
1324 1325 999
1325 1326 999
1326 1327 999
1327 1328 999
1328 1329 999
1329 1330 999
1330 1331 999
1331 1332 999
1332 1333 999
1333 1334 999
1334 1335 999
1335 1336 999
1336 1337 999
1337 1338 999
1338 1339 999
1339 1340 999
1340 1341 999
1341 1342 999
1342 1343 999
1343 1344 999
1344 1345 999
1345 1346 999
1346 1347 999
1347 1348 999
1348 1349 999
1349 1350 999
1350 1351 999
1351 1352 999
1352 1353 999
1353 1354 999
1354 1355 999
1355 1356 999
1356 1357 999
1357 1358 999
1358 1359 999
1359 1360 999
1360 1361 999
1361 1362 999
1362 1363 999
1363 1364 999
1364 1365 999
1365 1366 999
1366 1367 999
1367 1368 999
1368 1369 999
1369 1370 999
1370 1371 999
1371 1372 999
1372 1373 999
1373 1374 999
1374 1375 999
1375 1376 999
1376 1377 999
1377 1378 999
1378 1379 999
1379 1380 999
1380 1381 999
1381 1382 999
1382 1383 999
1383 1384 999
1384 1385 999
1385 1386 999
1386 1387 999
1387 1388 999
1388 1389 999
1389 1390 999
1390 1391 999
1391 1392 999
1392 1393 999
1393 1394 999
1394 1395 999
1395 1396 999
1396 1397 999
1397 1398 999
1398 1399 999
1399 1400 999
1400 1401 999
1401 1402 999
1402 1403 999
1403 1404 999
1404 1405 999
1405 1406 999
1406 1407 999
1407 1408 999
1408 1409 999
1409 1410 999
1410 1411 999
1411 1412 999
1412 1413 999
1413 1414 999
1414 1415 999
1415 1416 999
1416 1417 999
1417 1418 999
1418 1419 999
1419 1420 999
1420 1421 999
1421 1422 999
1422 1423 999
1423 1424 999
1424 1425 999
1425 1426 999
1426 1427 999
1427 1428 999
1428 1429 999
1429 1430 999
1430 1431 999
1431 1432 999
1432 1433 999
1433 1434 999
1434 1435 999
1435 1436 999
1436 1437 999
1437 1438 999
1438 1439 999
1439 1440 999
1440 1441 999
1441 1442 999
1442 1443 999
1443 1444 999
1444 1445 999
1445 1446 999
1446 1447 999
1447 1448 999
1448 1449 999
1449 1450 999
1450 1451 999
1451 1452 999
1452 1453 999
1453 1454 999
1454 1455 999
1455 1456 999
1456 1457 999
1457 1458 999
1458 1459 999
1459 1460 999
1460 1461 999
1461 1462 999
1462 1463 999
1463 1464 999
1464 1465 999
1465 1466 999
1466 1467 999
1467 1468 999
1468 1469 999
1469 1470 999
1470 1471 999
1471 1472 999
1472 1473 999
1473 1474 999
1474 1475 999
1475 1476 999
1476 1477 999
1477 1478 999
1478 1479 999
1479 1480 999
1480 1481 999
1481 1482 999
1482 1483 999
1483 1484 999
1484 1485 999
1485 1486 999
1486 1487 999
1487 1488 999
1488 1489 999
1489 1490 999
1490 1491 999
1491 1492 999
1492 1493 999
1493 1494 999
1494 1495 999
1495 1496 999
1496 1497 999
1497 1498 999
1498 1499 999
1499 1500 999
1500 1501 999
1501 1502 999
1502 1503 999
1503 1504 999
1504 1505 999
1505 1506 999
1506 1507 999
1507 1508 999
1508 1509 999
1509 1510 999
1510 1511 999
1511 1512 999
1512 1513 999
1513 1514 999
1514 1515 999
1515 1516 999
1516 1517 999
1517 1518 999
1518 1519 999
1519 1520 999
1520 1521 999
1521 1522 999
1522 1523 999
1523 1524 999
1524 1525 999
1525 1526 999
1526 1527 999
1527 1528 999
1528 1529 999
1529 1530 999
1530 1531 999
1531 1532 999
1532 1533 999
1533 1534 999
1534 1535 999
1535 1536 999
1536 1537 999
1537 1538 999
1538 1539 999
1539 1540 999
1540 1541 999
1541 1542 999
1542 1543 999
1543 1544 999
1544 1545 999
1545 1546 999
1546 1547 999
1547 1548 999
1548 1549 999
1549 1550 999
1550 1551 999
1551 1552 999
1552 1553 999
1553 1554 999
1554 1555 999
1555 1556 999
1556 1557 999
1557 1558 999
1558 1559 999
1559 1560 999
1560 1561 999
1561 1562 999
1562 1563 999
1563 1564 999
1564 1565 999
1565 1566 999
1566 1567 999
1567 1568 999
1568 1569 999
1569 1570 999
1570 1571 999
1571 1572 999
1572 1573 999
1573 1574 999
1574 1575 999
1575 1576 999
1576 1577 999
1577 1578 999
1578 1579 999
1579 1580 999
1580 1581 999
1581 1582 999
1582 1583 999
1583 1584 999
1584 1585 999
1585 1586 999
1586 1587 999
1587 1588 999
1588 1589 999
1589 1590 999
1590 1591 999
1591 1592 999
1592 1593 999
1593 1594 999
1594 1595 999
1595 1596 999
1596 1597 999
1597 1598 999
1598 1599 999
1599 1600 999
1600 1601 999
1601 1602 999
1602 1603 999
1603 1604 999
1604 1605 999
1605 1606 999
1606 1607 999
1607 1608 999
1608 1609 999
1609 1610 999
1610 1611 999
1611 1612 999
1612 1613 999
1613 1614 999
1614 1615 999
1615 1616 999
1616 1617 999
1617 1618 999
1618 1619 999
1619 1620 999
1620 1621 999
1621 1622 999
1622 1623 999
1623 1624 999
1624 1625 999
1625 1626 999
1626 1627 999
1627 1628 999
1628 1629 999
1629 1630 999
1630 1631 999
1631 1632 999
1632 1633 999
1633 1634 999
1634 1635 999
1635 1636 999
1636 1637 999
1637 1638 999
1638 1639 999
1639 1640 999
1640 1641 999
1641 1642 999
1642 1643 999
1643 1644 999
1644 1645 999
1645 1646 999
1646 1647 999
1647 1648 999
1648 1649 999
1649 1650 999
1650 1651 999
1651 1652 999
1652 1653 999
1653 1654 999
1654 1655 999
1655 1656 999
1656 1657 999
1657 1658 999
1658 1659 999
1659 1660 999
1660 1661 999
1661 1662 999
1662 1663 999
1663 1664 999
1664 1665 999
1665 1666 999
1666 1667 999
1667 1668 999
1668 1669 999
1669 1670 999
1670 1671 999
1671 1672 999
1672 1673 999
1673 1674 999
1674 1675 999
1675 1676 999
1676 1677 999
1677 1678 999
1678 1679 999
1679 1680 999
1680 1681 999
1681 1682 999
1682 1683 999
1683 1684 999
1684 1685 999
1685 1686 999
1686 1687 999
1687 1688 999
1688 1689 999
1689 1690 999
1690 1691 999
1691 1692 999
1692 1693 999
1693 1694 999
1694 1695 999
1695 1696 999
1696 1697 999
1697 1698 999
1698 1699 999
1699 1700 999
1700 1701 999
1701 1702 999
1702 1703 999
1703 1704 999
1704 1705 999
1705 1706 999
1706 1707 999
1707 1708 999
1708 1709 999
1709 1710 999
1710 1711 999
1711 1712 999
1712 1713 999
1713 1714 999
1714 1715 999
1715 1716 999
1716 1717 999
1717 1718 999
1718 1719 999
1719 1720 999
1720 1721 999
1721 1722 999
1722 1723 999
1723 1724 999
1724 1725 999
1725 1726 999
1726 1727 999
1727 1728 999
1728 1729 999
1729 1730 999
1730 1731 999
1731 1732 999
1732 1733 999
1733 1734 999
1734 1735 999
1735 1736 999
1736 1737 999
1737 1738 999
1738 1739 999
1739 1740 999
1740 1741 999
1741 1742 999
1742 1743 999
1743 1744 999
1744 1745 999
1745 1746 999
1746 1747 999
1747 1748 999
1748 1749 999
1749 1750 999
1750 1751 999
1751 1752 999
1752 1753 999
1753 1754 999
1754 1755 999
1755 1756 999
1756 1757 999
1757 1758 999
1758 1759 999
1759 1760 999
1760 1761 999
1761 1762 999
1762 1763 999
1763 1764 999
1764 1765 999
1765 1766 999
1766 1767 999
1767 1768 999
1768 1769 999
1769 1770 999
1770 1771 999
1771 1772 999
1772 1773 999
1773 1774 999
1774 1775 999
1775 1776 999
1776 1777 999
1777 1778 999
1778 1779 999
1779 1780 999
1780 1781 999
1781 1782 999
1782 1783 999
1783 1784 999
1784 1785 999
1785 1786 999
1786 1787 999
1787 1788 999
1788 1789 999
1789 1790 999
1790 1791 999
1791 1792 999
1792 1793 999
1793 1794 999
1794 1795 999
1795 1796 999
1796 1797 999
1797 1798 999
1798 1799 999
1799 1800 999
1800 1801 999
1801 1802 999
1802 1803 999
1803 1804 999
1804 1805 999
1805 1806 999
1806 1807 999
1807 1808 999
1808 1809 999
1809 1810 999
1810 1811 999
1811 1812 999
1812 1813 999
1813 1814 999
1814 1815 999
1815 1816 999
1816 1817 999
1817 1818 999
1818 1819 999
1819 1820 999
1820 1821 999
1821 1822 999
1822 1823 999
1823 1824 999
1824 1825 999
1825 1826 999
1826 1827 999
1827 1828 999
1828 1829 999
1829 1830 999
1830 1831 999
1831 1832 999
1832 1833 999
1833 1834 999
1834 1835 999
1835 1836 999
1836 1837 999
1837 1838 999
1838 1839 999
1839 1840 999
1840 1841 999
1841 1842 999
1842 1843 999
1843 1844 999
1844 1845 999
1845 1846 999
1846 1847 999
1847 1848 999
1848 1849 999
1849 1850 999
1850 1851 999
1851 1852 999
1852 1853 999
1853 1854 999
1854 1855 999
1855 1856 999
1856 1857 999
1857 1858 999
1858 1859 999
1859 1860 999
1860 1861 999
1861 1862 999
1862 1863 999
1863 1864 999
1864 1865 999
1865 1866 999
1866 1867 999
1867 1868 999
1868 1869 999
1869 1870 999
1870 1871 999
1871 1872 999
1872 1873 999
1873 1874 999
1874 1875 999
1875 1876 999
1876 1877 999
1877 1878 999
1878 1879 999
1879 1880 999
1880 1881 999
1881 1882 999
1882 1883 999
1883 1884 999
1884 1885 999
1885 1886 999
1886 1887 999
1887 1888 999
1888 1889 999
1889 1890 999
1890 1891 999
1891 1892 999
1892 1893 999
1893 1894 999
1894 1895 999
1895 1896 999
1896 1897 999
1897 1898 999
1898 1899 999
1899 1900 999
1900 1901 999
1901 1902 999
1902 1903 999
1903 1904 999
1904 1905 999
1905 1906 999
1906 1907 999
1907 1908 999
1908 1909 999
1909 1910 999
1910 1911 999
1911 1912 999
1912 1913 999
1913 1914 999
1914 1915 999
1915 1916 999
1916 1917 999
1917 1918 999
1918 1919 999
1919 1920 999
1920 1921 999
1921 1922 999
1922 1923 999
1923 1924 999
1924 1925 999
1925 1926 999
1926 1927 999
1927 1928 999
1928 1929 999
1929 1930 999
1930 1931 999
1931 1932 999
1932 1933 999
1933 1934 999
1934 1935 999
1935 1936 999
1936 1937 999
1937 1938 999
1938 1939 999
1939 1940 999
1940 1941 999
1941 1942 999
1942 1943 999
1943 1944 999
1944 1945 999
1945 1946 999
1946 1947 999
1947 1948 999
1948 1949 999
1949 1950 999
1950 1951 999
1951 1952 999
1952 1953 999
1953 1954 999
1954 1955 999
1955 1956 999
1956 1957 999
1957 1958 999
1958 1959 999
1959 1960 999
1960 1961 999
1961 1962 999
1962 1963 999
1963 1964 999
1964 1965 999
1965 1966 999
1966 1967 999
1967 1968 999
1968 1969 999
1969 1970 999
1970 1971 999
1971 1972 999
1972 1973 999
1973 1974 999
1974 1975 999
1975 1976 999
1976 1977 999
1977 1978 999
1978 1979 999
1979 1980 999
1980 1981 999
1981 1982 999
1982 1983 999
1983 1984 999
1984 1985 999
1985 1986 999
1986 1987 999
1987 1988 999
1988 1989 999
1989 1990 999
1990 1991 999
1991 1992 999
1992 1993 999
1993 1994 999
1994 1995 999
1995 1996 999
1996 1997 999
1997 1998 999
1998 1999 999
1999 2000 999
1 1 1000 999
1 1 1000 999
1 1 1000 999
1 1 1000 999
1 1 1000 999
1 1 1000 999
1 1 1000 999
1 1 1000 999
1 1 1000 999
1 1 1000 999
1 1 1000 999
1 1 1000 999
1 1 1000 999
1 1 1000 999
1 1 1000 999
1 1 1000 999
1 1 1000 999
1 1 1000 999
1 1 1000 999
1 1 1000 999
1 1 1000 999
1 1 1000 999
1 1 1000 999
1 1 1000 999
1 1 1000 999
1 1 1000 999
1 1 1000 999
1 1 1000 999
1 1 1000 999
1 1 1000 999
1 1 1000 999
1 1 1000 999
1 1 1000 999
1 1 1000 999
1 1 1000 999
1 1 1000 999
1 1 1000 999
1 1 1000 999
1 1 1000 999
1 1 1000 999
1 1 1000 999
1 1 1000 999
1 1 1000 999
1 1 1000 999
1 1 1000 999
1 1 1000 999
1 1 1000 999
1 1 1000 999
1 1 1000 999
1 1 1000 999
1 1 1000 999
1 1 1000 999
1 1 1000 999
1 1 1000 999
1 1 1000 999
1 1 1000 999
1 1 1000 999
1 1 1000 999
1 1 1000 999
1 1 1000 999
1 1 1000 999
1 1 1000 999
1 1 1000 999
1 1 1000 999
1 1 1000 999
1 1 1000 999
1 1 1000 999
1 1 1000 999
1 1 1000 999
1 1 1000 999
1 1 1000 999
1 1 1000 999
1 1 1000 999
1 1 1000 999
1 1 1000 999
1 1 1000 999
1 1 1000 999
1 1 1000 999
1 1 1000 999
1 1 1000 999
1 1 1000 999
1 1 1000 999
1 1 1000 999
1 1 1000 999
1 1 1000 999
1 1 1000 999
1 1 1000 999
1 1 1000 999
1 1 1000 999
1 1 1000 999
1 1 1000 999
1 1 1000 999
1 1 1000 999
1 1 1000 999
1 1 1000 999
1 1 1000 999
1 1 1000 999
1 1 1000 999
1 1 1000 999
1 1 1000 999
2 2000 998
2 4000 998
2 6000 998
2 8000 998
2 10000 998
2 12000 998
2 14000 998
2 16000 998
2 18000 998
2 20000 998
2 22000 998
2 24000 998
2 26000 998
2 28000 998
2 30000 998
2 32000 998
2 34000 998
2 36000 998
2 38000 998
2 40000 998
2 42000 998
2 44000 998
2 46000 998
2 48000 998
2 50000 998
2 52000 998
2 54000 998
2 56000 998
2 58000 998
2 60000 998
2 62000 998
2 64000 998
2 66000 998
2 68000 998
2 70000 998
2 72000 998
2 74000 998
2 76000 998
2 78000 998
2 80000 998
2 82000 998
2 84000 998
2 86000 998
2 88000 998
2 90000 998
2 92000 998
2 94000 998
2 96000 998
2 98000 998
2 100000 998
2 102000 998
2 104000 998
2 106000 998
2 108000 998
2 110000 998
2 112000 998
2 114000 998
2 116000 998
2 118000 998
2 120000 998
2 122000 998
2 124000 998
2 126000 998
2 128000 998
2 130000 998
2 132000 998
2 134000 998
2 136000 998
2 138000 998
2 140000 998
2 142000 998
2 144000 998
2 146000 998
2 148000 998
2 150000 998
2 152000 998
2 154000 998
2 156000 998
2 158000 998
2 160000 998
2 162000 998
2 164000 998
2 166000 998
2 168000 998
2 170000 998
2 172000 998
2 174000 998
2 176000 998
2 178000 998
2 180000 998
2 182000 998
2 184000 998
2 186000 998
2 188000 998
2 190000 998
2 192000 998
2 194000 998
2 196000 998
2 198000 998
2 200000 998
2 202000 998
2 204000 998
2 206000 998
2 208000 998
2 210000 998
2 212000 998
2 214000 998
2 216000 998
2 218000 998
2 220000 998
2 222000 998
2 224000 998
2 226000 998
2 228000 998
2 230000 998
2 232000 998
2 234000 998
2 236000 998
2 238000 998
2 240000 998
2 242000 998
2 244000 998
2 246000 998
2 248000 998
2 250000 998
2 252000 998
2 254000 998
2 256000 998
2 258000 998
2 260000 998
2 262000 998
2 264000 998
2 266000 998
2 268000 998
2 270000 998
2 272000 998
2 274000 998
2 276000 998
2 278000 998
2 280000 998
2 282000 998
2 284000 998
2 286000 998
2 288000 998
2 290000 998
2 292000 998
2 294000 998
2 296000 998
2 298000 998
2 300000 998
2 302000 998
2 304000 998
2 306000 998
2 308000 998
2 310000 998
2 312000 998
2 314000 998
2 316000 998
2 318000 998
2 320000 998
2 322000 998
2 324000 998
2 326000 998
2 328000 998
2 330000 998
2 332000 998
2 334000 998
2 336000 998
2 338000 998
2 340000 998
2 342000 998
2 344000 998
2 346000 998
2 348000 998
2 350000 998
2 352000 998
2 354000 998
2 356000 998
2 358000 998
2 360000 998
2 362000 998
2 364000 998
2 366000 998
2 368000 998
2 370000 998
2 372000 998
2 374000 998
2 376000 998
2 378000 998
2 380000 998
2 382000 998
2 384000 998
2 386000 998
2 388000 998
2 390000 998
2 392000 998
2 394000 998
2 396000 998
2 398000 998
2 400000 998
2 402000 998
2 404000 998
2 406000 998
2 408000 998
2 410000 998
2 412000 998
2 414000 998
2 416000 998
2 418000 998
2 420000 998
2 422000 998
2 424000 998
2 426000 998
2 428000 998
2 430000 998
2 432000 998
2 434000 998
2 436000 998
2 438000 998
2 440000 998
2 442000 998
2 444000 998
2 446000 998
2 448000 998
2 450000 998
2 452000 998
2 454000 998
2 456000 998
2 458000 998
2 460000 998
2 462000 998
2 464000 998
2 466000 998
2 468000 998
2 470000 998
2 472000 998
2 474000 998
2 476000 998
2 478000 998
2 480000 998
2 482000 998
2 484000 998
2 486000 998
2 488000 998
2 490000 998
2 492000 998
2 494000 998
2 496000 998
2 498000 998
2 500000 998
2 502000 998
2 504000 998
2 506000 998
2 508000 998
2 510000 998
2 512000 998
2 514000 998
2 516000 998
2 518000 998
2 520000 998
2 522000 998
2 524000 998
2 526000 998
2 528000 998
2 530000 998
2 532000 998
2 534000 998
2 536000 998
2 538000 998
2 540000 998
2 542000 998
2 544000 998
2 546000 998
2 548000 998
2 550000 998
2 552000 998
2 554000 998
2 556000 998
2 558000 998
2 560000 998
2 562000 998
2 564000 998
2 566000 998
2 568000 998
2 570000 998
2 572000 998
2 574000 998
2 576000 998
2 578000 998
2 580000 998
2 582000 998
2 584000 998
2 586000 998
2 588000 998
2 590000 998
2 592000 998
2 594000 998
2 596000 998
2 598000 998
2 600000 998
2 602000 998
2 604000 998
2 606000 998
2 608000 998
2 610000 998
2 612000 998
2 614000 998
2 616000 998
2 618000 998
2 620000 998
2 622000 998
2 624000 998
2 626000 998
2 628000 998
2 630000 998
2 632000 998
2 634000 998
2 636000 998
2 638000 998
2 640000 998
2 642000 998
2 644000 998
2 646000 998
2 648000 998
2 650000 998
2 652000 998
2 654000 998
2 656000 998
2 658000 998
2 660000 998
2 662000 998
2 664000 998
2 666000 998
2 668000 998
2 670000 998
2 672000 998
2 674000 998
2 676000 998
2 678000 998
2 680000 998
2 682000 998
2 684000 998
2 686000 998
2 688000 998
2 690000 998
2 692000 998
2 694000 998
2 696000 998
2 698000 998
2 700000 998
2 702000 998
2 704000 998
2 706000 998
2 708000 998
2 710000 998
2 712000 998
2 714000 998
2 716000 998
2 718000 998
2 720000 998
2 722000 998
2 724000 998
2 726000 998
2 728000 998
2 730000 998
2 732000 998
2 734000 998
2 736000 998
2 738000 998
2 740000 998
2 742000 998
2 744000 998
2 746000 998
2 748000 998
2 750000 998
2 752000 998
2 754000 998
2 756000 998
2 758000 998
2 760000 998
2 762000 998
2 764000 998
2 766000 998
2 768000 998
2 770000 998
2 772000 998
2 774000 998
2 776000 998
2 778000 998
2 780000 998
2 782000 998
2 784000 998
2 786000 998
2 788000 998
2 790000 998
2 792000 998
2 794000 998
2 796000 998
2 798000 998
2 800000 998
2 802000 998
2 804000 998
2 806000 998
2 808000 998
2 810000 998
2 812000 998
2 814000 998
2 816000 998
2 818000 998
2 820000 998
2 822000 998
2 824000 998
2 826000 998
2 828000 998
2 830000 998
2 832000 998
2 834000 998
2 836000 998
2 838000 998
2 840000 998
2 842000 998
2 844000 998
2 846000 998
2 848000 998
2 850000 998
2 852000 998
2 854000 998
2 856000 998
2 858000 998
2 860000 998
2 862000 998
2 864000 998
2 866000 998
2 868000 998
2 870000 998
2 872000 998
2 874000 998
2 876000 998
2 878000 998
2 880000 998
2 882000 998
2 884000 998
2 886000 998
2 888000 998
2 890000 998
2 892000 998
2 894000 998
2 896000 998
2 898000 998
2 900000 998
2 902000 998
2 904000 998
2 906000 998
2 908000 998
2 910000 998
2 912000 998
2 914000 998
2 916000 998
2 918000 998
2 920000 998
2 922000 998
2 924000 998
2 926000 998
2 928000 998
2 930000 998
2 932000 998
2 934000 998
2 936000 998
2 938000 998
2 940000 998
2 942000 998
2 944000 998
2 946000 998
2 948000 998
2 950000 998
2 952000 998
2 954000 998
2 956000 998
2 958000 998
2 960000 998
2 962000 998
2 964000 998
2 966000 998
2 968000 998
2 970000 998
2 972000 998
2 974000 998
2 976000 998
2 978000 998
2 980000 998
2 982000 998
2 984000 998
2 986000 998
2 988000 998
2 990000 998
2 992000 998
2 994000 998
2 996000 998
2 998000 998
2 1000000 998
2 1002000 998
2 1004000 998
2 1006000 998
2 1008000 998
2 1010000 998
2 1012000 998
2 1014000 998
2 1016000 998
2 1018000 998
2 1020000 998
2 1022000 998
2 1024000 998
2 1026000 998
2 1028000 998
2 1030000 998
2 1032000 998
2 1034000 998
2 1036000 998
2 1038000 998
2 1040000 998
2 1042000 998
2 1044000 998
2 1046000 998
2 1048000 998
2 1050000 998
2 1052000 998
2 1054000 998
2 1056000 998
2 1058000 998
2 1060000 998
2 1062000 998
2 1064000 998
2 1066000 998
2 1068000 998
2 1070000 998
2 1072000 998
2 1074000 998
2 1076000 998
2 1078000 998
2 1080000 998
2 1082000 998
2 1084000 998
2 1086000 998
2 1088000 998
2 1090000 998
2 1092000 998
2 1094000 998
2 1096000 998
2 1098000 998
2 1100000 998
2 1102000 998
2 1104000 998
2 1106000 998
2 1108000 998
2 1110000 998
2 1112000 998
2 1114000 998
2 1116000 998
2 1118000 998
2 1120000 998
2 1122000 998
2 1124000 998
2 1126000 998
2 1128000 998
2 1130000 998
2 1132000 998
2 1134000 998
2 1136000 998
2 1138000 998
2 1140000 998
2 1142000 998
2 1144000 998
2 1146000 998
2 1148000 998
2 1150000 998
2 1152000 998
2 1154000 998
2 1156000 998
2 1158000 998
2 1160000 998
2 1162000 998
2 1164000 998
2 1166000 998
2 1168000 998
2 1170000 998
2 1172000 998
2 1174000 998
2 1176000 998
2 1178000 998
2 1180000 998
2 1182000 998
2 1184000 998
2 1186000 998
2 1188000 998
2 1190000 998
2 1192000 998
2 1194000 998
2 1196000 998
2 1198000 998
2 1200000 998
2 1202000 998
2 1204000 998
2 1206000 998
2 1208000 998
2 1210000 998
2 1212000 998
2 1214000 998
2 1216000 998
2 1218000 998
2 1220000 998
2 1222000 998
2 1224000 998
2 1226000 998
2 1228000 998
2 1230000 998
2 1232000 998
2 1234000 998
2 1236000 998
2 1238000 998
2 1240000 998
2 1242000 998
2 1244000 998
2 1246000 998
2 1248000 998
2 1250000 998
2 1252000 998
2 1254000 998
2 1256000 998
2 1258000 998
2 1260000 998
2 1262000 998
2 1264000 998
2 1266000 998
2 1268000 998
2 1270000 998
2 1272000 998
2 1274000 998
2 1276000 998
2 1278000 998
2 1280000 998
2 1282000 998
2 1284000 998
2 1286000 998
2 1288000 998
2 1290000 998
2 1292000 998
2 1294000 998
2 1296000 998
2 1298000 998
2 1300000 998
2 1302000 998
2 1304000 998
2 1306000 998
2 1308000 998
2 1310000 998
2 1312000 998
2 1314000 998
2 1316000 998
2 1318000 998
2 1320000 998
2 1322000 998
2 1324000 998
2 1326000 998
2 1328000 998
2 1330000 998
2 1332000 998
2 1334000 998
2 1336000 998
2 1338000 998
2 1340000 998
2 1342000 998
2 1344000 998
2 1346000 998
2 1348000 998
2 1350000 998
2 1352000 998
2 1354000 998
2 1356000 998
2 1358000 998
2 1360000 998
2 1362000 998
2 1364000 998
2 1366000 998
2 1368000 998
2 1370000 998
2 1372000 998
2 1374000 998
2 1376000 998
2 1378000 998
2 1380000 998
2 1382000 998
2 1384000 998
2 1386000 998
2 1388000 998
2 1390000 998
2 1392000 998
2 1394000 998
2 1396000 998
2 1398000 998
2 1400000 998
2 1402000 998
2 1404000 998
2 1406000 998
2 1408000 998
2 1410000 998
2 1412000 998
2 1414000 998
2 1416000 998
2 1418000 998
2 1420000 998
2 1422000 998
2 1424000 998
2 1426000 998
2 1428000 998
2 1430000 998
2 1432000 998
2 1434000 998
2 1436000 998
2 1438000 998
2 1440000 998
2 1442000 998
2 1444000 998
2 1446000 998
2 1448000 998
2 1450000 998
2 1452000 998
2 1454000 998
2 1456000 998
2 1458000 998
2 1460000 998
2 1462000 998
2 1464000 998
2 1466000 998
2 1468000 998
2 1470000 998
2 1472000 998
2 1474000 998
2 1476000 998
2 1478000 998
2 1480000 998
2 1482000 998
2 1484000 998
2 1486000 998
2 1488000 998
2 1490000 998
2 1492000 998
2 1494000 998
2 1496000 998
2 1498000 998
2 1500000 998
2 1502000 998
2 1504000 998
2 1506000 998
2 1508000 998
2 1510000 998
2 1512000 998
2 1514000 998
2 1516000 998
2 1518000 998
2 1520000 998
2 1522000 998
2 1524000 998
2 1526000 998
2 1528000 998
2 1530000 998
2 1532000 998
2 1534000 998
2 1536000 998
2 1538000 998
2 1540000 998
2 1542000 998
2 1544000 998
2 1546000 998
2 1548000 998
2 1550000 998
2 1552000 998
2 1554000 998
2 1556000 998
2 1558000 998
2 1560000 998
2 1562000 998
2 1564000 998
2 1566000 998
2 1568000 998
2 1570000 998
2 1572000 998
2 1574000 998
2 1576000 998
2 1578000 998
2 1580000 998
2 1582000 998
2 1584000 998
2 1586000 998
2 1588000 998
2 1590000 998
2 1592000 998
2 1594000 998
2 1596000 998
2 1598000 998
2 1600000 998
2 1602000 998
2 1604000 998
2 1606000 998
2 1608000 998
2 1610000 998
2 1612000 998
2 1614000 998
2 1616000 998
2 1618000 998
2 1620000 998
2 1622000 998
2 1624000 998
2 1626000 998
2 1628000 998
2 1630000 998
2 1632000 998
2 1634000 998
2 1636000 998
2 1638000 998
2 1640000 998
2 1642000 998
2 1644000 998
2 1646000 998
2 1648000 998
2 1650000 998
2 1652000 998
2 1654000 998
2 1656000 998
2 1658000 998
2 1660000 998
2 1662000 998
2 1664000 998
2 1666000 998
2 1668000 998
2 1670000 998
2 1672000 998
2 1674000 998
2 1676000 998
2 1678000 998
2 1680000 998
2 1682000 998
2 1684000 998
2 1686000 998
2 1688000 998
2 1690000 998
2 1692000 998
2 1694000 998
2 1696000 998
2 1698000 998
2 1700000 998
2 1702000 998
2 1704000 998
2 1706000 998
2 1708000 998
2 1710000 998
2 1712000 998
2 1714000 998
2 1716000 998
2 1718000 998
2 1720000 998
2 1722000 998
2 1724000 998
2 1726000 998
2 1728000 998
2 1730000 998
2 1732000 998
2 1734000 998
2 1736000 998
2 1738000 998
2 1740000 998
2 1742000 998
2 1744000 998
2 1746000 998
2 1748000 998
2 1750000 998
2 1752000 998
2 1754000 998
2 1756000 998
2 1758000 998
2 1760000 998
2 1762000 998
2 1764000 998
2 1766000 998
2 1768000 998
2 1770000 998
2 1772000 998
2 1774000 998
2 1776000 998
2 1778000 998
2 1780000 998
2 1782000 998
2 1784000 998
2 1786000 998
2 1788000 998
2 1790000 998
2 1792000 998
2 1794000 998
2 1796000 998
2 1798000 998
2 1800000 998
2 1802000 998
2 1804000 998
2 1806000 998
2 1808000 998
2 1810000 998
2 1812000 998
2 1814000 998
2 1816000 998
2 1818000 998
2 1820000 998
2 1822000 998
2 1824000 998
2 1826000 998
2 1828000 998
2 1830000 998
2 1832000 998
2 1834000 998
2 1836000 998
2 1838000 998
2 1840000 998
2 1842000 998
2 1844000 998
2 1846000 998
2 1848000 998
2 1850000 998
2 1852000 998
2 1854000 998
2 1856000 998
2 1858000 998
2 1860000 998
2 1862000 998
2 1864000 998
2 1866000 998
2 1868000 998
2 1870000 998
2 1872000 998
2 1874000 998
2 1876000 998
2 1878000 998
2 1880000 998
2 1882000 998
2 1884000 998
2 1886000 998
2 1888000 998
2 1890000 998
2 1892000 998
2 1894000 998
2 1896000 998
2 1898000 998
2 1900000 998
2 1902000 998
2 1904000 998
2 1906000 998
2 1908000 998
2 1910000 998
2 1912000 998
2 1914000 998
2 1916000 998
2 1918000 998
2 1920000 998
2 1922000 998
2 1924000 998
2 1926000 998
2 1928000 998
2 1930000 998
2 1932000 998
2 1934000 998
2 1936000 998
2 1938000 998
2 1940000 998
2 1942000 998
2 1944000 998
2 1946000 998
2 1948000 998
2 1950000 998
2 1952000 998
2 1954000 998
2 1956000 998
2 1958000 998
2 1960000 998
2 1962000 998
2 1964000 998
2 1966000 998
2 1968000 998
2 1970000 998
2 1972000 998
2 1974000 998
2 1976000 998
2 1978000 998
2 1980000 998
2 1982000 998
2 1984000 998
2 1986000 998
2 1988000 998
2 1990000 998
2 1992000 998
2 1994000 998
2 1996000 998
2 1998000 998
2 2000000 998
2 2002000 998
2 2004000 998
2 2006000 998
2 2008000 998
2 2010000 998
2 2012000 998
2 2014000 998
2 2016000 998
2 2018000 998
2 2020000 998
2 2022000 998
2 2024000 998
2 2026000 998
2 2028000 998
2 2030000 998
2 2032000 998
2 2034000 998
2 2036000 998
2 2038000 998
2 2040000 998
2 2042000 998
2 2044000 998
2 2046000 998
2 2048000 998
2 2050000 998
2 2052000 998
2 2054000 998
2 2056000 998
2 2058000 998
2 2060000 998
2 2062000 998
2 2064000 998
2 2066000 998
2 2068000 998
2 2070000 998
2 2072000 998
2 2074000 998
2 2076000 998
2 2078000 998
2 2080000 998
2 2082000 998
2 2084000 998
2 2086000 998
2 2088000 998
2 2090000 998
2 2092000 998
2 2094000 998
2 2096000 998
2 2098000 998
2 2100000 998
2 2102000 998
2 2104000 998
2 2106000 998
2 2108000 998
2 2110000 998
2 2112000 998
2 2114000 998
2 2116000 998
2 2118000 998
2 2120000 998
2 2122000 998
2 2124000 998
2 2126000 998
2 2128000 998
2 2130000 998
2 2132000 998
2 2134000 998
2 2136000 998
2 2138000 998
2 2140000 998
2 2142000 998
2 2144000 998
2 2146000 998
2 2148000 998
2 2150000 998
2 2152000 998
2 2154000 998
2 2156000 998
2 2158000 998
2 2160000 998
2 2162000 998
2 2164000 998
2 2166000 998
2 2168000 998
2 2170000 998
2 2172000 998
2 2174000 998
2 2176000 998
2 2178000 998
2 2180000 998
2 2182000 998
2 2184000 998
2 2186000 998
2 2188000 998
2 2190000 998
2 2192000 998
2 2194000 998
2 2196000 998
2 2198000 998
2 2200000 998
2 2202000 998
2 2204000 998
2 2206000 998
2 2208000 998
2 2210000 998
2 2212000 998
2 2214000 998
2 2216000 998
2 2218000 998
2 2220000 998
2 2222000 998
2 2224000 998
2 2226000 998
2 2228000 998
2 2230000 998
2 2232000 998
2 2234000 998
2 2236000 998
2 2238000 998
2 2240000 998
2 2242000 998
2 2244000 998
2 2246000 998
2 2248000 998
2 2250000 998
2 2252000 998
2 2254000 998
2 2256000 998
2 2258000 998
2 2260000 998
2 2262000 998
2 2264000 998
2 2266000 998
2 2268000 998
2 2270000 998
2 2272000 998
2 2274000 998
2 2276000 998
2 2278000 998
2 2280000 998
2 2282000 998
2 2284000 998
2 2286000 998
2 2288000 998
2 2290000 998
2 2292000 998
2 2294000 998
2 2296000 998
2 2298000 998
2 2300000 998
2 2302000 998
2 2304000 998
2 2306000 998
2 2308000 998
2 2310000 998
2 2312000 998
2 2314000 998
2 2316000 998
2 2318000 998
2 2320000 998
2 2322000 998
2 2324000 998
2 2326000 998
2 2328000 998
2 2330000 998
2 2332000 998
2 2334000 998
2 2336000 998
2 2338000 998
2 2340000 998
2 2342000 998
2 2344000 998
2 2346000 998
2 2348000 998
2 2350000 998
2 2352000 998
2 2354000 998
2 2356000 998
2 2358000 998
2 2360000 998
2 2362000 998
2 2364000 998
2 2366000 998
2 2368000 998
2 2370000 998
2 2372000 998
2 2374000 998
2 2376000 998
2 2378000 998
2 2380000 998
2 2382000 998
2 2384000 998
2 2386000 998
2 2388000 998
2 2390000 998
2 2392000 998
2 2394000 998
2 2396000 998
2 2398000 998
2 2400000 998
2 2402000 998
2 2404000 998
2 2406000 998
2 2408000 998
2 2410000 998
2 2412000 998
2 2414000 998
2 2416000 998
2 2418000 998
2 2420000 998
2 2422000 998
2 2424000 998
2 2426000 998
2 2428000 998
2 2430000 998
2 2432000 998
2 2434000 998
2 2436000 998
2 2438000 998
2 2440000 998
2 2442000 998
2 2444000 998
2 2446000 998
2 2448000 998
2 2450000 998
2 2452000 998
2 2454000 998
2 2456000 998
2 2458000 998
2 2460000 998
2 2462000 998
2 2464000 998
2 2466000 998
2 2468000 998
2 2470000 998
2 2472000 998
2 2474000 998
2 2476000 998
2 2478000 998
2 2480000 998
2 2482000 998
2 2484000 998
2 2486000 998
2 2488000 998
2 2490000 998
2 2492000 998
2 2494000 998
2 2496000 998
2 2498000 998
2 2500000 998
2 2502000 998
2 2504000 998
2 2506000 998
2 2508000 998
2 2510000 998
2 2512000 998
2 2514000 998
2 2516000 998
2 2518000 998
2 2520000 998
2 2522000 998
2 2524000 998
2 2526000 998
2 2528000 998
2 2530000 998
2 2532000 998
2 2534000 998
2 2536000 998
2 2538000 998
2 2540000 998
2 2542000 998
2 2544000 998
2 2546000 998
2 2548000 998
2 2550000 998
2 2552000 998
2 2554000 998
2 2556000 998
2 2558000 998
2 2560000 998
2 2562000 998
2 2564000 998
2 2566000 998
2 2568000 998
2 2570000 998
2 2572000 998
2 2574000 998
2 2576000 998
2 2578000 998
2 2580000 998
2 2582000 998
2 2584000 998
2 2586000 998
2 2588000 998
2 2590000 998
2 2592000 998
2 2594000 998
2 2596000 998
2 2598000 998
2 2600000 998
2 2602000 998
2 2604000 998
2 2606000 998
2 2608000 998
2 2610000 998
2 2612000 998
2 2614000 998
2 2616000 998
2 2618000 998
2 2620000 998
2 2622000 998
2 2624000 998
2 2626000 998
2 2628000 998
2 2630000 998
2 2632000 998
2 2634000 998
2 2636000 998
2 2638000 998
2 2640000 998
2 2642000 998
2 2644000 998
2 2646000 998
2 2648000 998
2 2650000 998
2 2652000 998
2 2654000 998
2 2656000 998
2 2658000 998
2 2660000 998
2 2662000 998
2 2664000 998
2 2666000 998
2 2668000 998
2 2670000 998
2 2672000 998
2 2674000 998
2 2676000 998
2 2678000 998
2 2680000 998
2 2682000 998
2 2684000 998
2 2686000 998
2 2688000 998
2 2690000 998
2 2692000 998
2 2694000 998
2 2696000 998
2 2698000 998
2 2700000 998
2 2702000 998
2 2704000 998
2 2706000 998
2 2708000 998
2 2710000 998
2 2712000 998
2 2714000 998
2 2716000 998
2 2718000 998
2 2720000 998
2 2722000 998
2 2724000 998
2 2726000 998
2 2728000 998
2 2730000 998
2 2732000 998
2 2734000 998
2 2736000 998
2 2738000 998
2 2740000 998
2 2742000 998
2 2744000 998
2 2746000 998
2 2748000 998
2 2750000 998
2 2752000 998
2 2754000 998
2 2756000 998
2 2758000 998
2 2760000 998
2 2762000 998
2 2764000 998
2 2766000 998
2 2768000 998
2 2770000 998
2 2772000 998
2 2774000 998
2 2776000 998
2 2778000 998
2 2780000 998
2 2782000 998
2 2784000 998
2 2786000 998
2 2788000 998
2 2790000 998
2 2792000 998
2 2794000 998
2 2796000 998
2 2798000 998
2 2800000 998
2 2802000 998
2 2804000 998
2 2806000 998
2 2808000 998
2 2810000 998
2 2812000 998
2 2814000 998
2 2816000 998
2 2818000 998
2 2820000 998
2 2822000 998
2 2824000 998
2 2826000 998
2 2828000 998
2 2830000 998
2 2832000 998
2 2834000 998
2 2836000 998
2 2838000 998
2 2840000 998
2 2842000 998
2 2844000 998
2 2846000 998
2 2848000 998
2 2850000 998
2 2852000 998
2 2854000 998
2 2856000 998
2 2858000 998
2 2860000 998
2 2862000 998
2 2864000 998
2 2866000 998
2 2868000 998
2 2870000 998
2 2872000 998
2 2874000 998
2 2876000 998
2 2878000 998
2 2880000 998
2 2882000 998
2 2884000 998
2 2886000 998
2 2888000 998
2 2890000 998
2 2892000 998
2 2894000 998
2 2896000 998
2 2898000 998
2 2900000 998
2 2902000 998
2 2904000 998
2 2906000 998
2 2908000 998
2 2910000 998
2 2912000 998
2 2914000 998
2 2916000 998
2 2918000 998
2 2920000 998
2 2922000 998
2 2924000 998
2 2926000 998
2 2928000 998
2 2930000 998
2 2932000 998
2 2934000 998
2 2936000 998
2 2938000 998
2 2940000 998
2 2942000 998
2 2944000 998
2 2946000 998
2 2948000 998
2 2950000 998
2 2952000 998
2 2954000 998
2 2956000 998
2 2958000 998
2 2960000 998
2 2962000 998
2 2964000 998
2 2966000 998
2 2968000 998
2 2970000 998
2 2972000 998
2 2974000 998
2 2976000 998
2 2978000 998
2 2980000 998
2 2982000 998
2 2984000 998
2 2986000 998
2 2988000 998
2 2990000 998
2 2992000 998
2 2994000 998
2 2996000 998
2 2998000 998
2 3000000 998
2 3002000 998
2 3004000 998
2 3006000 998
2 3008000 998
2 3010000 998
2 3012000 998
2 3014000 998
2 3016000 998
2 3018000 998
2 3020000 998
2 3022000 998
2 3024000 998
2 3026000 998
2 3028000 998
2 3030000 998
2 3032000 998
2 3034000 998
2 3036000 998
2 3038000 998
2 3040000 998
2 3042000 998
2 3044000 998
2 3046000 998
2 3048000 998
2 3050000 998
2 3052000 998
2 3054000 998
2 3056000 998
2 3058000 998
2 3060000 998
2 3062000 998
2 3064000 998
2 3066000 998
2 3068000 998
2 3070000 998
2 3072000 998
2 3074000 998
2 3076000 998
2 3078000 998
2 3080000 998
2 3082000 998
2 3084000 998
2 3086000 998
2 3088000 998
2 3090000 998
2 3092000 998
2 3094000 998
2 3096000 998
2 3098000 998
2 3100000 998
2 3102000 998
2 3104000 998
2 3106000 998
2 3108000 998
2 3110000 998
2 3112000 998
2 3114000 998
2 3116000 998
2 3118000 998
2 3120000 998
2 3122000 998
2 3124000 998
2 3126000 998
2 3128000 998
2 3130000 998
2 3132000 998
2 3134000 998
2 3136000 998
2 3138000 998
2 3140000 998
2 3142000 998
2 3144000 998
2 3146000 998
2 3148000 998
2 3150000 998
2 3152000 998
2 3154000 998
2 3156000 998
2 3158000 998
2 3160000 998
2 3162000 998
2 3164000 998
2 3166000 998
2 3168000 998
2 3170000 998
2 3172000 998
2 3174000 998
2 3176000 998
2 3178000 998
2 3180000 998
2 3182000 998
2 3184000 998
2 3186000 998
2 3188000 998
2 3190000 998
2 3192000 998
2 3194000 998
2 3196000 998
2 3198000 998
2 3200000 998
2 3202000 998
2 3204000 998
2 3206000 998
2 3208000 998
2 3210000 998
2 3212000 998
2 3214000 998
2 3216000 998
2 3218000 998
2 3220000 998
2 3222000 998
2 3224000 998
2 3226000 998
2 3228000 998
2 3230000 998
2 3232000 998
2 3234000 998
2 3236000 998
2 3238000 998
2 3240000 998
2 3242000 998
2 3244000 998
2 3246000 998
2 3248000 998
2 3250000 998
2 3252000 998
2 3254000 998
2 3256000 998
2 3258000 998
2 3260000 998
2 3262000 998
2 3264000 998
2 3266000 998
2 3268000 998
2 3270000 998
2 3272000 998
2 3274000 998
2 3276000 998
2 3278000 998
2 3280000 998
2 3282000 998
2 3284000 998
2 3286000 998
2 3288000 998
2 3290000 998
2 3292000 998
2 3294000 998
2 3296000 998
2 3298000 998
2 3300000 998
2 3302000 998
2 3304000 998
2 3306000 998
2 3308000 998
2 3310000 998
2 3312000 998
2 3314000 998
2 3316000 998
2 3318000 998
2 3320000 998
2 3322000 998
2 3324000 998
2 3326000 998
2 3328000 998
2 3330000 998
2 3332000 998
2 3334000 998
2 3336000 998
2 3338000 998
2 3340000 998
2 3342000 998
2 3344000 998
2 3346000 998
2 3348000 998
2 3350000 998
2 3352000 998
2 3354000 998
2 3356000 998
2 3358000 998
2 3360000 998
2 3362000 998
2 3364000 998
2 3366000 998
2 3368000 998
2 3370000 998
2 3372000 998
2 3374000 998
2 3376000 998
2 3378000 998
2 3380000 998
2 3382000 998
2 3384000 998
2 3386000 998
2 3388000 998
2 3390000 998
2 3392000 998
2 3394000 998
2 3396000 998
2 3398000 998
2 3400000 998
3 1 3402000
4 2420131
3 1891635 67811
3 906391 2492718
3 705199 1665924
4 1493197
4 2534705
4 2899069
3 2976613 2783349
4 1872089
3 1482660 964897
3 133544 1489305
3 2583429 581176
3 2211785 181772
3 2078743 1136140
3 1749903 1952588
4 2440873
3 1578129 153641
3 3132052 1631946
3 298486 2520604
3 2932047 665560
4 1644454
4 2146077
4 3390377
4 192445
4 837043
4 947459
3 539114 206300
3 759173 2391578
4 2479174
4 1892097
4 1040103
4 2362991
4 214664
3 2401490 565850
3 1986077 761614
3 2584335 1613212
3 405367 844308
4 58352
4 2139030
4 1262055
4 1074819
4 2017005
4 3163099
3 2611524 3382724
4 388308
4 768967
3 1973311 1468216
3 2888677 83035
3 835451 562117
3 2671908 937709
3 2710487 137134
3 2612256 928311
3 1754986 1423756
3 203557 1899612
3 2057762 2235585
3 2256823 421570
4 692393
4 2212384
3 2344431 2189806
3 2853497 2670555
4 2062883
3 555683 2165191
4 2464841
3 1059382 1469068
4 1932220
3 1342818 2940571
3 1291673 3097873
3 2457027 830910
4 2085906
3 970457 488433
3 3344022 207487
3 424515 357239
4 1285300
4 82490
4 2476928
3 982481 1592350
4 588039
3 2661387 2767127
4 2884494
3 3145415 261031
4 398198
3 2118439 2859668
3 289457 2846905
4 2099297
4 2976902
4 2477910
3 3216057 1386076
3 1128323 2294733
4 3040289
3 340015 625867
4 530940
4 606698
3 1111065 3285248
4 154937
4 2272974
3 3207671 3353094
4 2592742
3 2050613 3110728
4 2956572
4 2222371
3 2278584 2502056
4 879147
3 2247814 345573
3 2623442 348800
3 3153888 1438995
3 960774 1982955
3 1349899 2910334
3 2368506 1021561
4 388521
3 2361358 2623768
4 1375854
3 742638 135897
3 1448151 1295778
3 3202986 2833927
4 1328485
3 2240884 2258869
3 1956133 3121093
3 1183891 684095
4 1841432
3 2369130 2510407
3 3365765 768683
3 1662977 733673
3 1777280 3266498
4 878517
3 2283327 2415996
4 2893067
4 2985292
4 1015283
4 1711459
4 890412
3 252639 1538903
4 276748
3 2098106 2147410
3 1823469 1337025
4 1911421
3 2429798 3203482
4 303895
3 1486025 3278390
3 11716 2834363
3 2870139 1699489
4 1812826
3 2969912 3367111
3 1667018 652929
3 1998333 816057
3 692923 1886075
4 2479112
3 651544 587271
4 70930
4 2822926
4 1438474
4 1871590
3 3016941 2483114
4 1112822
3 1274463 3262362
3 2225583 3309744
3 2979735 3259985
3 351650 444553
3 1775664 3238575
3 1640728 234251
4 499834
3 2410922 1256759
4 991616
3 1780704 2319668
4 1858041
4 1979353
4 1460282
3 1822630 1392366
3 2979120 2500623
4 2454550
4 112193
3 2524497 1175309
3 1452749 2814855
3 2844060 2236854
4 226040
3 58534 484167
4 1277432
3 243131 3321090
4 1672339
4 1877421
4 1928201
4 1842854
4 1816400
4 1101228
3 931691 1775132
3 2310586 1249590
4 3095368
3 757745 3100715
3 3393513 2849241
4 799034
3 1894783 3264889
4 2207002
4 3177953
3 1481057 660235
4 1489137
4 2752564
3 102656 2583735
4 945354
3 3257133 1811523
3 1938658 2045970
