2000 2000 0
1 2 804
1 3 761
2 4 249
1 5 501
1 6 231
3 7 710
1 8 841
2 9 266
6 10 227
9 11 529
9 12 569
10 13 254
5 14 582
8 15 774
8 16 207
15 17 823
15 18 219
11 19 422
19 20 439
20 21 896
13 22 336
17 23 44
21 24 517
19 25 126
18 26 663
17 27 143
27 28 842
26 29 353
20 30 455
22 31 881
24 32 100
31 33 136
29 34 715
30 35 535
34 36 442
33 37 998
37 38 98
37 39 433
30 40 344
31 41 43
35 42 120
42 43 764
35 44 271
42 45 413
43 46 533
39 47 766
41 48 152
39 49 385
41 50 684
49 51 226
43 52 410
48 53 924
45 54 406
53 55 964
51 56 874
53 57 470
56 58 280
58 59 550
50 60 178
57 61 745
59 62 202
54 63 338
56 64 301
56 65 245
62 66 664
60 67 411
58 68 89
68 69 431
68 70 77
67 71 303
62 72 725
67 73 660
64 74 102
74 75 696
73 76 924
76 77 600
77 78 437
78 79 835
79 80 562
74 81 811
73 82 656
76 83 351
74 84 574
78 85 141
84 86 272
86 87 722
87 88 641
82 89 65
89 90 877
83 91 223
83 92 181
88 93 544
89 94 50
90 95 941
86 96 361
93 97 839
88 98 692
94 99 156
91 100 148
96 101 987
94 102 168
97 103 344
103 104 775
98 105 635
101 106 69
98 107 554
101 108 24
99 109 678
105 110 423
109 111 540
104 112 459
104 113 598
104 114 854
106 115 453
114 116 971
108 117 445
117 118 694
115 119 750
119 120 625
120 121 279
113 122 679
118 123 932
122 124 940
122 125 495
124 126 255
124 127 903
119 128 210
126 129 678
124 130 710
123 131 18
131 132 277
129 133 529
129 134 354
132 135 434
135 136 56
136 137 801
133 138 812
129 139 500
135 140 955
134 141 528
132 142 531
142 143 442
140 144 437
137 145 634
137 146 710
137 147 285
138 148 129
148 149 322
145 150 759
145 151 289
148 152 404
145 153 511
147 154 46
152 155 861
147 156 646
156 157 678
157 158 754
152 159 202
156 160 398
154 161 457
160 162 927
160 163 197
157 164 674
164 165 40
158 166 660
163 167 303
158 168 935
163 169 926
169 170 148
167 171 245
169 172 285
167 173 550
172 174 608
171 175 203
171 176 110
171 177 271
176 178 530
176 179 430
171 180 8
179 181 854
178 182 131
174 183 242
183 184 761
182 185 370
177 186 793
182 187 177
180 188 610
181 189 149
187 190 243
190 191 597
185 192 199
183 193 681
193 194 455
193 195 94
186 196 213
191 197 265
188 198 374
189 199 687
198 200 684
193 201 834
194 202 460
199 203 501
197 204 302
196 205 864
198 206 198
206 207 298
199 208 744
208 209 653
206 210 951
207 211 553
207 212 729
208 213 751
213 214 84
211 215 42
210 216 264
207 217 25
210 218 440
218 219 960
214 220 970
212 221 164
218 222 49
220 223 432
221 224 971
217 225 494
218 226 413
218 227 548
220 228 829
228 229 796
220 230 767
222 231 960
226 232 287
229 233 460
229 234 677
226 235 613
230 236 398
232 237 814
236 238 430
235 239 836
235 240 954
232 241 955
237 242 672
233 243 741
238 244 130
244 245 342
242 246 223
240 247 392
240 248 441
242 249 137
242 250 45
244 251 210
247 252 469
252 253 67
245 254 685
250 255 203
248 256 884
255 257 392
256 258 809
258 259 920
257 260 897
254 261 193
259 262 23
253 263 588
254 264 176
256 265 893
262 266 847
262 267 628
262 268 630
263 269 79
264 270 592
264 271 803
269 272 563
270 273 402
266 274 259
269 275 370
266 276 356
274 277 338
272 278 495
274 279 12
275 280 28
272 281 877
273 282 549
279 283 40
278 284 435
282 285 161
284 286 615
281 287 887
284 288 313
287 289 663
282 290 389
285 291 248
288 292 571
285 293 39
292 294 943
290 295 691
290 296 319
296 297 621
296 298 505
294 299 682
292 300 884
291 301 485
293 302 403
301 303 22
299 304 645
301 305 2
303 306 208
304 307 136
301 308 288
299 309 445
305 310 537
308 311 926
311 312 825
309 313 860
313 314 651
312 315 209
314 316 499
313 317 415
312 318 422
318 319 796
319 320 418
316 321 850
316 322 366
319 323 839
318 324 282
318 325 840
318 326 663
325 327 787
320 328 44
321 329 428
322 330 604
322 331 472
331 332 74
330 333 918
332 334 120
329 335 797
333 336 279
331 337 603
333 338 640
332 339 832
334 340 724
340 341 309
338 342 672
342 343 847
334 344 640
341 345 949
336 346 389
340 347 517
343 348 903
347 349 125
341 350 274
348 351 648
349 352 295
344 353 259
351 354 439
348 355 738
347 356 454
353 357 554
355 358 70
352 359 990
356 360 287
356 361 610
357 362 311
357 363 453
358 364 230
357 365 522
357 366 486
363 367 593
359 368 281
362 369 37
369 370 499
369 371 153
369 372 498
366 373 35
368 374 306
365 375 46
374 376 497
373 377 961
371 378 267
378 379 349
371 380 854
378 381 419
378 382 4
375 383 781
374 384 296
383 385 336
379 386 805
385 387 371
386 388 351
380 389 902
386 390 565
390 391 571
390 392 600
387 393 727
393 394 3
388 395 81
390 396 522
393 397 723
388 398 182
394 399 785
394 400 267
395 401 15
396 402 112
401 403 627
400 404 744
402 405 279
399 406 271
397 407 747
407 408 957
401 409 336
409 410 134
402 411 352
410 412 577
410 413 696
410 414 132
409 415 90
414 416 77
412 417 98
411 418 715
415 419 905
413 420 773
420 421 156
421 422 467
413 423 387
414 424 783
416 425 994
424 426 455
425 427 669
423 428 492
422 429 280
426 430 967
430 431 197
423 432 349
424 433 35
429 434 112
426 435 319
429 436 928
434 437 689
436 438 248
437 439 655
432 440 274
436 441 58
435 442 598
438 443 950
440 444 30
436 445 382
438 446 897
445 447 768
442 448 694
443 449 656
441 450 295
450 451 228
450 452 976
445 453 955
452 454 369
449 455 476
451 456 469
456 457 500
454 458 372
451 459 208
456 460 894
460 461 152
453 462 682
455 463 630
460 464 119
457 465 215
460 466 106
464 467 796
466 468 776
468 469 136
465 470 677
466 471 545
471 472 353
468 473 294
465 474 594
471 475 600
468 476 94
475 477 91
469 478 20
474 479 989
472 480 275
475 481 276
472 482 25
476 483 517
483 484 617
478 485 325
484 486 854
479 487 929
481 488 624
483 489 109
487 490 833
485 491 66
482 492 799
483 493 572
492 494 15
494 495 371
488 496 481
495 497 404
496 498 495
496 499 666
491 500 818
496 501 237
501 502 837
494 503 793
501 504 907
503 505 870
502 506 643
506 507 284
500 508 681
507 509 8
509 510 436
509 511 380
507 512 108
508 513 172
509 514 563
511 515 627
508 516 974
509 517 48
514 518 451
518 519 727
510 520 66
517 521 149
514 522 335
513 523 20
517 524 799
516 525 684
520 526 221
522 527 660
519 528 28
526 529 242
522 530 854
525 531 802
522 532 437
529 533 9
528 534 1
532 535 256
533 536 110
530 537 568
537 538 56
534 539 845
534 540 88
534 541 445
539 542 578
537 543 162
542 544 209
538 545 1
540 546 362
546 547 758
543 548 976
544 549 853
546 550 80
544 551 560
548 552 329
549 553 123
551 554 214
549 555 900
552 556 829
552 557 88
552 558 77
549 559 858
557 560 342
554 561 840
557 562 824
556 563 99
559 564 865
556 565 618
565 566 585
559 567 356
563 568 948
561 569 149
561 570 818
567 571 264
566 572 521
572 573 530
565 574 286
574 575 209
571 576 387
568 577 939
576 578 224
569 579 118
574 580 120
578 581 900
574 582 764
580 583 899
583 584 815
584 585 265
579 586 493
584 587 653
581 588 123
580 589 615
589 590 534
584 591 836
582 592 400
584 593 391
588 594 421
593 595 981
588 596 798
595 597 752
591 598 27
589 599 904
599 600 811
596 601 917
593 602 472
595 603 663
598 604 421
602 605 414
604 606 127
600 607 120
604 608 760
600 609 386
603 610 5
606 611 652
611 612 692
605 613 484
607 614 376
609 615 968
609 616 483
610 617 877
612 618 629
611 619 332
614 620 208
617 621 355
618 622 761
620 623 266
622 624 283
624 625 808
622 626 484
618 627 873
625 628 908
620 629 613
623 630 578
623 631 809
625 632 845
626 633 631
627 634 931
626 635 809
634 636 573
632 637 106
636 638 990
636 639 95
631 640 98
636 641 150
638 642 473
634 643 760
643 644 726
637 645 663
641 646 739
645 647 272
642 648 908
640 649 816
642 650 645
643 651 355
645 652 692
646 653 466
646 654 853
651 655 804
647 656 613
653 657 585
654 658 101
652 659 686
657 660 971
660 661 999
660 662 4
662 663 889
659 664 665
655 665 709
656 666 819
666 667 438
658 668 744
660 669 959
668 670 522
669 671 839
668 672 815
669 673 78
673 674 715
669 675 688
666 676 36
672 677 379
671 678 822
675 679 586
676 680 84
671 681 602
674 682 390
675 683 1
678 684 432
676 685 509
681 686 795
686 687 507
683 688 992
681 689 338
687 690 314
686 691 732
686 692 931
691 693 824
689 694 578
690 695 167
692 696 399
689 697 13
688 698 239
695 699 295
690 700 557
697 701 90
695 702 803
693 703 663
696 704 681
699 705 27
701 706 923
698 707 278
698 708 856
705 709 169
704 710 216
709 711 950
707 712 90
712 713 459
707 714 263
705 715 678
706 716 490
714 717 292
710 718 883
718 719 526
711 720 11
716 721 781
720 722 480
715 723 939
716 724 4
719 725 110
719 726 571
726 727 68
718 728 607
721 729 696
721 730 448
730 731 371
722 732 446
730 733 934
727 734 379
733 735 999
735 736 710
736 737 13
731 738 298
738 739 753
731 740 481
733 741 849
737 742 890
738 743 773
736 744 126
743 745 314
739 746 609
743 747 731
745 748 803
739 749 38
740 750 300
741 751 206
745 752 501
745 753 984
747 754 106
748 755 164
749 756 95
748 757 513
754 758 671
756 759 350
759 760 97
758 761 558
752 762 381
754 763 275
763 764 10
757 765 290
761 766 704
763 767 744
759 768 768
761 769 756
760 770 632
769 771 57
763 772 87
764 773 51
773 774 996
773 775 870
773 776 984
773 777 816
776 778 28
778 779 927
772 780 595
779 781 581
780 782 199
778 783 138
776 784 792
778 785 821
779 786 982
779 787 646
779 788 258
779 789 563
787 790 888
785 791 112
785 792 245
784 793 607
784 794 199
790 795 333
793 796 945
796 797 325
791 798 306
792 799 672
794 800 494
793 801 224
799 802 476
796 803 719
796 804 937
804 805 839
799 806 13
804 807 177
800 808 440
800 809 821
805 810 551
809 811 706
802 812 67
808 813 15
805 814 211
812 815 42
815 816 963
809 817 930
815 818 732
812 819 218
815 820 870
811 821 106
813 822 52
822 823 695
816 824 995
819 825 210
816 826 725
822 827 859
825 828 91
825 829 64
826 830 194
823 831 258
822 832 520
830 833 64
832 834 999
830 835 906
832 836 145
835 837 44
834 838 933
834 839 855
835 840 214
838 841 841
836 842 930
836 843 533
841 844 9
835 845 397
840 846 121
837 847 206
841 848 374
845 849 168
840 850 877
850 851 614
842 852 972
846 853 88
847 854 659
851 855 421
852 856 691
849 857 768
855 858 8
849 859 749
854 860 903
854 861 163
856 862 392
854 863 683
859 864 822
856 865 661
856 866 152
858 867 403
864 868 302
868 869 275
860 870 718
861 871 710
870 872 146
868 873 644
864 874 927
868 875 607
871 876 551
876 877 423
876 878 624
876 879 391
877 880 361
879 881 910
875 882 121
876 883 516
878 884 34
876 885 755
878 886 150
881 887 417
883 888 173
886 889 137
887 890 207
887 891 313
886 892 920
887 893 694
892 894 243
892 895 749
891 896 288
891 897 991
889 898 24
898 899 856
892 900 672
900 901 948
892 902 309
900 903 809
899 904 493
904 905 230
896 906 747
906 907 344
906 908 771
905 909 725
901 910 993
905 911 996
903 912 684
911 913 574
909 914 943
906 915 212
912 916 866
913 917 788
917 918 36
912 919 979
913 920 601
918 921 533
916 922 371
913 923 633
917 924 67
922 925 745
925 926 491
924 927 991
924 928 662
927 929 694
929 930 510
922 931 115
926 932 848
929 933 735
931 934 461
930 935 157
930 936 701
928 937 110
929 938 441
930 939 913
930 940 399
939 941 22
934 942 291
937 943 637
942 944 487
943 945 94
943 946 311
943 947 492
938 948 626
942 949 474
943 950 311
941 951 164
950 952 424
943 953 268
951 954 852
954 955 244
952 956 97
947 957 235
952 958 514
955 959 882
954 960 984
951 961 498
959 962 59
957 963 836
954 964 220
959 965 339
964 966 971
958 967 140
962 968 747
963 969 821
964 970 631
963 971 657
964 972 17
970 973 364
967 974 495
969 975 515
971 976 34
971 977 967
972 978 107
971 979 662
976 980 524
971 981 791
980 982 372
981 983 475
980 984 632
976 985 406
976 986 529
982 987 987
979 988 722
988 989 301
984 990 781
985 991 925
986 992 166
988 993 186
992 994 775
994 995 793
986 996 509
990 997 690
992 998 426
992 999 709
997 1000 784
999 1001 475
998 1002 773
994 1003 224
1003 1004 987
1001 1005 13
998 1006 189
1005 1007 141
1000 1008 597
1007 1009 737
1002 1010 481
1007 1011 122
1004 1012 319
1010 1013 425
1011 1014 789
1010 1015 184
1006 1016 947
1008 1017 978
1008 1018 387
1018 1019 781
1015 1020 302
1015 1021 103
1013 1022 951
1022 1023 48
1020 1024 248
1024 1025 320
1017 1026 657
1024 1027 932
1026 1028 331
1023 1029 874
1028 1030 656
1028 1031 72
1029 1032 554
1028 1033 792
1028 1034 828
1033 1035 471
1031 1036 540
1030 1037 314
1028 1038 452
1030 1039 923
1038 1040 80
1034 1041 244
1036 1042 81
1034 1043 14
1034 1044 995
1042 1045 489
1044 1046 58
1041 1047 836
1044 1048 223
1042 1049 657
1042 1050 729
1042 1051 802
1048 1052 582
1048 1053 481
1046 1054 78
1053 1055 19
1049 1056 855
1047 1057 362
1057 1058 578
1057 1059 389
1052 1060 727
1056 1061 980
1057 1062 125
1060 1063 230
1060 1064 915
1059 1065 347
1056 1066 92
1057 1067 300
1065 1068 460
1065 1069 610
1060 1070 893
1062 1071 125
1067 1072 956
1065 1073 535
1064 1074 660
1070 1075 20
1072 1076 1000
1074 1077 71
1075 1078 579
1073 1079 309
1074 1080 262
1074 1081 819
1073 1082 172
1081 1083 67
1075 1084 24
1079 1085 67
1081 1086 354
1077 1087 639
1084 1088 137
1086 1089 553
1088 1090 969
1083 1091 210
1088 1092 135
1083 1093 568
1084 1094 587
1088 1095 574
1086 1096 921
1092 1097 790
1089 1098 324
1092 1099 674
1093 1100 651
1091 1101 199
1093 1102 815
1096 1103 316
1097 1104 407
1104 1105 196
1098 1106 874
1102 1107 3
1106 1108 638
1108 1109 755
1103 1110 286
1110 1111 438
1108 1112 30
1111 1113 664
1108 1114 203
1112 1115 806
1106 1116 773
1115 1117 628
1113 1118 564
1114 1119 411
1118 1120 615
1111 1121 573
1112 1122 799
1114 1123 893
1120 1124 317
1119 1125 742
1116 1126 839
1118 1127 937
1123 1128 822
1126 1129 655
1120 1130 148
1127 1131 118
1131 1132 113
1128 1133 607
1126 1134 499
1127 1135 367
1130 1136 795
1129 1137 201
1137 1138 482
1133 1139 324
1133 1140 45
1140 1141 309
1139 1142 110
1139 1143 756
1138 1144 609
1137 1145 864
1145 1146 719
1139 1147 278
1147 1148 398
1143 1149 558
1144 1150 388
1143 1151 999
1146 1152 106
1144 1153 373
1148 1154 395
1150 1155 541
1149 1156 359
1154 1157 109
1155 1158 332
1155 1159 285
1157 1160 697
1151 1161 407
1152 1162 102
1159 1163 426
1163 1164 278
1160 1165 52
1157 1166 128
1165 1167 591
1160 1168 110
1162 1169 631
1164 1170 556
1170 1171 870
1165 1172 221
1171 1173 828
1165 1174 329
1167 1175 529
1173 1176 446
1174 1177 738
1173 1178 728
1177 1179 208
1170 1180 866
1172 1181 199
1179 1182 881
1173 1183 716
1180 1184 456
1178 1185 403
1184 1186 710
1185 1187 99
1187 1188 495
1183 1189 855
1186 1190 375
1184 1191 92
1182 1192 842
1191 1193 726
1184 1194 583
1194 1195 829
1195 1196 18
1192 1197 420
1190 1198 583
1195 1199 507
1194 1200 922
1196 1201 310
1195 1202 705
1201 1203 145
1200 1204 390
1197 1205 729
1205 1206 864
1204 1207 628
1202 1208 261
1201 1209 135
1202 1210 581
1207 1211 894
1208 1212 536
1206 1213 496
1205 1214 916
1212 1215 473
1215 1216 3
1212 1217 37
1211 1218 784
1209 1219 430
1218 1220 99
1219 1221 466
1216 1222 467
1218 1223 470
1220 1224 448
1221 1225 908
1217 1226 578
1225 1227 751
1222 1228 765
1222 1229 543
1229 1230 952
1228 1231 267
1228 1232 413
1230 1233 205
1233 1234 945
1234 1235 494
1230 1236 912
1236 1237 4
1232 1238 154
1233 1239 326
1233 1240 366
1236 1241 215
1235 1242 791
1233 1243 79
1237 1244 378
1237 1245 312
1242 1246 540
1243 1247 742
1238 1248 762
1239 1249 868
1240 1250 648
1246 1251 222
1250 1252 341
1243 1253 71
1244 1254 182
1253 1255 633
1248 1256 197
1253 1257 528
1256 1258 133
1254 1259 73
1254 1260 855
1252 1261 239
1253 1262 58
1256 1263 215
1255 1264 641
1258 1265 710
1256 1266 756
1266 1267 899
1267 1268 707
1262 1269 125
1268 1270 727
1264 1271 485
1263 1272 481
1265 1273 786
1266 1274 333
1270 1275 283
1272 1276 487
1268 1277 129
1275 1278 618
1275 1279 572
1275 1280 348
1279 1281 1000
1274 1282 798
1278 1283 555
1283 1284 564
1277 1285 493
1279 1286 920
1286 1287 615
1282 1288 384
1282 1289 387
1284 1290 368
1288 1291 810
1284 1292 729
1285 1293 266
1285 1294 821
1292 1295 256
1286 1296 965
1290 1297 271
1297 1298 272
1294 1299 874
1293 1300 584
1294 1301 564
1296 1302 849
1296 1303 475
1298 1304 662
1298 1305 888
1304 1306 680
1301 1307 355
1300 1308 183
1303 1309 913
1308 1310 925
1310 1311 530
1311 1312 971
1308 1313 952
1308 1314 251
1308 1315 838
1307 1316 856
1309 1317 294
1315 1318 354
1309 1319 671
1318 1320 465
1318 1321 749
1321 1322 84
1320 1323 202
1321 1324 617
1321 1325 162
1320 1326 427
1321 1327 957
1321 1328 25
1326 1329 761
1324 1330 616
1326 1331 299
1328 1332 885
1327 1333 272
1328 1334 278
1326 1335 648
1334 1336 573
1328 1337 345
1332 1338 575
1332 1339 254
1337 1340 410
1340 1341 529
1336 1342 222
1339 1343 544
1338 1344 110
1338 1345 350
1342 1346 71
1339 1347 654
1338 1348 33
1343 1349 480
1341 1350 676
1345 1351 194
1348 1352 856
1345 1353 542
1352 1354 873
1354 1355 954
1347 1356 921
1355 1357 429
1355 1358 305
1353 1359 383
1356 1360 652
1353 1361 292
1358 1362 10
1361 1363 77
1363 1364 772
1355 1365 227
1356 1366 150
1364 1367 251
1363 1368 46
1362 1369 28
1362 1370 859
1365 1371 580
1370 1372 463
1372 1373 753
1369 1374 925
1370 1375 822
1368 1376 397
1367 1377 608
1369 1378 457
1376 1379 179
1373 1380 751
1380 1381 124
1377 1382 933
1373 1383 407
1378 1384 246
1378 1385 118
1385 1386 382
1377 1387 105
1382 1388 823
1385 1389 92
1386 1390 434
1388 1391 788
1389 1392 896
1385 1393 727
1384 1394 831
1388 1395 168
1395 1396 835
1392 1397 907
1392 1398 66
1389 1399 692
1399 1400 745
1400 1401 386
1401 1402 548
1399 1403 382
1400 1404 153
1403 1405 729
1398 1406 473
1400 1407 93
1398 1408 912
1405 1409 263
1409 1410 746
1401 1411 454
1408 1412 410
1405 1413 474
1404 1414 430
1413 1415 54
1410 1416 769
1413 1417 885
1416 1418 820
1412 1419 935
1410 1420 85
1411 1421 470
1413 1422 732
1415 1423 358
1416 1424 828
1416 1425 668
1418 1426 438
1417 1427 428
1422 1428 188
1426 1429 393
1422 1430 674
1429 1431 515
1426 1432 942
1432 1433 747
1433 1434 721
1425 1435 867
1426 1436 789
1436 1437 665
1436 1438 323
1438 1439 436
1432 1440 87
1432 1441 171
1438 1442 874
1440 1443 38
1437 1444 154
1437 1445 554
1436 1446 654
1444 1447 359
1438 1448 346
1440 1449 234
1444 1450 106
1443 1451 629
1451 1452 905
1446 1453 85
1447 1454 63
1453 1455 949
1452 1456 976
1447 1457 329
1457 1458 143
1457 1459 74
1451 1460 789
1456 1461 724
1461 1462 109
1457 1463 225
1455 1464 270
1464 1465 815
1463 1466 474
1464 1467 299
1465 1468 804
1467 1469 512
1464 1470 90
1466 1471 516
1463 1472 58
1466 1473 116
1473 1474 624
1466 1475 116
1474 1476 783
1476 1477 764
1476 1478 926
1470 1479 659
1471 1480 626
1476 1481 574
1476 1482 985
1481 1483 298
1480 1484 165
1478 1485 335
1482 1486 340
1485 1487 247
1483 1488 341
1483 1489 743
1487 1490 124
1485 1491 689
1488 1492 800
1486 1493 286
1486 1494 715
1490 1495 941
1494 1496 503
1493 1497 789
1495 1498 288
1496 1499 623
1497 1500 102
1492 1501 39
1501 1502 711
1499 1503 820
1501 1504 65
1495 1505 57
1501 1506 540
1504 1507 478
1503 1508 353
1499 1509 575
1501 1510 709
1502 1511 337
1509 1512 943
1505 1513 961
1506 1514 609
1509 1515 382
1513 1516 344
1512 1517 965
1509 1518 387
1516 1519 246
1512 1520 401
1514 1521 302
1521 1522 691
1515 1523 745
1517 1524 292
1520 1525 733
1518 1526 158
1520 1527 495
1524 1528 163
1526 1529 943
1526 1530 35
1522 1531 421
1531 1532 123
1530 1533 230
1533 1534 225
1525 1535 76
1533 1536 716
1535 1537 636
1537 1538 319
1533 1539 62
1532 1540 40
1534 1541 557
1538 1542 908
1535 1543 754
1542 1544 59
1535 1545 483
1543 1546 169
1545 1547 82
1543 1548 474
1542 1549 527
1545 1550 307
1542 1551 753
1551 1552 37
1544 1553 174
1549 1554 372
1554 1555 291
1546 1556 97
1549 1557 42
1557 1558 99
1556 1559 223
1554 1560 656
1551 1561 259
1553 1562 338
1557 1563 352
1559 1564 420
1559 1565 781
1559 1566 497
1565 1567 188
1565 1568 612
1568 1569 227
1560 1570 697
1561 1571 755
1569 1572 997
1569 1573 292
1568 1574 835
1569 1575 541
1566 1576 260
1569 1577 467
1575 1578 105
1574 1579 540
1574 1580 74
1572 1581 125
1575 1582 45
1579 1583 713
1581 1584 889
1581 1585 423
1576 1586 688
1577 1587 646
1582 1588 910
1580 1589 685
1588 1590 445
1583 1591 814
1590 1592 136
1590 1593 458
1585 1594 414
1589 1595 981
1589 1596 687
1596 1597 836
1597 1598 86
1596 1599 277
1595 1600 543
1594 1601 639
1598 1602 449
1602 1603 422
1598 1604 382
1597 1605 420
1599 1606 537
1603 1607 594
1599 1608 396
1605 1609 555
1601 1610 426
1603 1611 103
1609 1612 682
1611 1613 623
1610 1614 480
1612 1615 133
1612 1616 862
1607 1617 872
1615 1618 374
1610 1619 170
1611 1620 533
1615 1621 766
1620 1622 834
1617 1623 260
1622 1624 521
1615 1625 868
1617 1626 327
1623 1627 406
1627 1628 685
1621 1629 18
1624 1630 970
1625 1631 446
1627 1632 662
1626 1633 359
1631 1634 56
1626 1635 886
1631 1636 781
1632 1637 543
1634 1638 127
1634 1639 697
1639 1640 129
1634 1641 873
1637 1642 84
1642 1643 624
1638 1644 985
1635 1645 804
1639 1646 181
1640 1647 173
1638 1648 746
1640 1649 170
1641 1650 472
1647 1651 479
1642 1652 13
1652 1653 685
1644 1654 306
1653 1655 183
1653 1656 53
1656 1657 792
1648 1658 468
1649 1659 194
1653 1660 15
1656 1661 913
1658 1662 866
1654 1663 391
1657 1664 90
1661 1665 333
1662 1666 78
1663 1667 875
1665 1668 128
1666 1669 236
1667 1670 460
1664 1671 331
1670 1672 109
1672 1673 966
1664 1674 286
1665 1675 561
1673 1676 615
1672 1677 53
1677 1678 11
1677 1679 890
1674 1680 895
1672 1681 117
1675 1682 491
1679 1683 758
1678 1684 718
1678 1685 73
1681 1686 894
1682 1687 521
1678 1688 155
1686 1689 576
1685 1690 901
1684 1691 698
1691 1692 268
1690 1693 335
1690 1694 48
1691 1695 777
1686 1696 625
1691 1697 463
1693 1698 329
1697 1699 158
1690 1700 177
1699 1701 138
1695 1702 153
1702 1703 679
1694 1704 639
1697 1705 754
1697 1706 105
1705 1707 609
1701 1708 605
1703 1709 746
1702 1710 763
1704 1711 90
1708 1712 147
1709 1713 353
1706 1714 601
1707 1715 982
1715 1716 569
1711 1717 595
1717 1718 206
1716 1719 385
1713 1720 915
1712 1721 714
1716 1722 539
1715 1723 988
1721 1724 467
1717 1725 277
1719 1726 500
1718 1727 299
1725 1728 221
1720 1729 311
1721 1730 532
1728 1731 477
1727 1732 743
1732 1733 242
1732 1734 829
1726 1735 253
1729 1736 519
1730 1737 453
1735 1738 493
1735 1739 568
1734 1740 89
1739 1741 667
1733 1742 381
1734 1743 768
1737 1744 112
1735 1745 205
1743 1746 282
1746 1747 808
1744 1748 756
1741 1749 19
1745 1750 321
1748 1751 760
1747 1752 836
1746 1753 991
1752 1754 6
1752 1755 146
1747 1756 886
1753 1757 146
1751 1758 877
1751 1759 469
1750 1760 13
1757 1761 675
1753 1762 45
1762 1763 627
1757 1764 489
1756 1765 356
1759 1766 913
1759 1767 246
1764 1768 925
1767 1769 734
1765 1770 553
1770 1771 7
1767 1772 52
1771 1773 72
1773 1774 920
1767 1775 169
1768 1776 885
1772 1777 491
1770 1778 750
1776 1779 123
1772 1780 120
1772 1781 609
1781 1782 344
1781 1783 212
1776 1784 336
1778 1785 743
1780 1786 85
1785 1787 164
1786 1788 620
1783 1789 400
1781 1790 564
1784 1791 760
1788 1792 168
1788 1793 771
1784 1794 997
1787 1795 901
1789 1796 361
1789 1797 656
1797 1798 285
1798 1799 505
1793 1800 961
1791 1801 46
1797 1802 829
1802 1803 245
1798 1804 214
1803 1805 920
1803 1806 412
1802 1807 303
1807 1808 769
1799 1809 121
1800 1810 459
1801 1811 447
1804 1812 405
1805 1813 189
1808 1814 594
1807 1815 39
1808 1816 126
1815 1817 465
1815 1818 49
1811 1819 328
1816 1820 381
1817 1821 13
1819 1822 913
1816 1823 315
1821 1824 800
1819 1825 681
1819 1826 723
1820 1827 317
1822 1828 926
1823 1829 197
1824 1830 760
1827 1831 694
1824 1832 131
1824 1833 509
1824 1834 626
1825 1835 563
1832 1836 504
1831 1837 260
1830 1838 346
1837 1839 129
1835 1840 38
1833 1841 104
1840 1842 932
1833 1843 908
1837 1844 876
1837 1845 254
1840 1846 80
1842 1847 585
1845 1848 879
1845 1849 383
1842 1850 153
1841 1851 288
1849 1852 329
1843 1853 954
1852 1854 883
1852 1855 222
1855 1856 588
1848 1857 723
1856 1858 544
1850 1859 434
1854 1860 896
1854 1861 229
1855 1862 250
1857 1863 877
1857 1864 219
1856 1865 139
1856 1866 936
1859 1867 903
1865 1868 808
1867 1869 748
1867 1870 210
1861 1871 383
1867 1872 683
1870 1873 320
1865 1874 447
1868 1875 379
1875 1876 35
1874 1877 821
1874 1878 497
1869 1879 832
1875 1880 465
1872 1881 111
1872 1882 726
1874 1883 532
1877 1884 623
1882 1885 311
1882 1886 482
1877 1887 714
1880 1888 884
1888 1889 923
1888 1890 827
1886 1891 228
1882 1892 255
1889 1893 542
1884 1894 869
1887 1895 703
1892 1896 593
1894 1897 728
1891 1898 382
1890 1899 435
1899 1900 224
1891 1901 728
1895 1902 60
1901 1903 650
1896 1904 936
1904 1905 113
1896 1906 989
1906 1907 51
1901 1908 924
1904 1909 315
1909 1910 246
1901 1911 559
1906 1912 845
1905 1913 306
1904 1914 632
1911 1915 58
1910 1916 330
1914 1917 28
1914 1918 255
1917 1919 253
1912 1920 472
1920 1921 543
1920 1922 821
1916 1923 196
1920 1924 467
1921 1925 649
1920 1926 534
1921 1927 411
1927 1928 53
1926 1929 748
1922 1930 997
1922 1931 542
1929 1932 582
1930 1933 640
1932 1934 582
1929 1935 25
1931 1936 829
1936 1937 370
1934 1938 957
1935 1939 68
1939 1940 541
1939 1941 157
1933 1942 879
1942 1943 779
1936 1944 507
1944 1945 960
1936 1946 78
1940 1947 612
1940 1948 799
1944 1949 793
1949 1950 82
1942 1951 298
1946 1952 232
1948 1953 152
1949 1954 173
1950 1955 265
1951 1956 548
1952 1957 302
1949 1958 384
1949 1959 362
1958 1960 864
1952 1961 278
1960 1962 36
1955 1963 841
1954 1964 204
1962 1965 315
1959 1966 675
1962 1967 116
1964 1968 338
1964 1969 380
1968 1970 375
1967 1971 191
1971 1972 800
1966 1973 806
1969 1974 595
1969 1975 46
1973 1976 84
1974 1977 881
1971 1978 48
1973 1979 354
1971 1980 839
1974 1981 709
1972 1982 322
1979 1983 494
1978 1984 348
1976 1985 333
1983 1986 228
1977 1987 651
1985 1988 346
1988 1989 564
1982 1990 753
1987 1991 659
1990 1992 96
1984 1993 967
1991 1994 932
1987 1995 59
1990 1996 288
1989 1997 451
1996 1998 297
1993 1999 500
1994 2000 351
4 1204
1 208 1466 733
3 171 1948
3 1973 1969
2 1655 692
1 1618 1493 532
2 1794 920
4 3928
1 1901 1039 992
3 1094 3567
3 3586 5327
1 1134 1275 704
2 4811 238
3 1718 6176
4 4145
4 286
3 3922 3379
3 5603 6728
1 1717 1883 667
3 5842 7023
1 1302 1846 361
3 2006 2449
1 1521 1118 30
4 3453
1 1893 1679 275
1 1215 192 861
3 1477 5299
3 7588 4296
2 1004 679
1 901 1242 666
1 517 1636 421
2 9391 947
3 5483 8345
3 1977 11694
3 2810 10795
1 1951 268 712
4 4089
3 7495 10735
2 7314 192
1 447 67 738
2 1422 390
4 4551
3 13153 15157
1 1432 1790 569
1 276 1542 687
4 14674
1 1854 1951 451
4 2848
4 13799
2 11462 670
3 1442 10520
4 7212
1 385 105 688
1 1080 292 987
2 9313 383
2 3639 543
4 13931
2 660 705
2 20205 315
1 1253 1792 262
4 6835
1 947 706 359
1 1166 209 818
2 22056 424
3 27188 18714
1 829 556 4
2 22321 49
1 1614 1526 274
4 23364
3 28544 1939
3 1677 28381
3 28858 9639
2 14861 881
4 21223
1 1777 998 745
3 18113 11815
3 19024 9115
4 13638
1 912 134 919
3 271 11477
1 1559 1147 723
4 8583
4 16632
4 21742
4 6750
3 2031 23379
1 1998 1865 722
3 20886 6719
3 12525 4024
1 1470 79 228
4 7068
3 9452 30973
3 27885 13505
1 1511 1483 956
1 725 777 398
2 21258 26
4 16673
4 29884
2 25216 843
2 27146 542
1 973 1078 877
2 25392 6
3 34663 1380
4 16943
2 20182 11
4 40483
2 28842 50
3 34235 26230
2 24470 123
3 13916 10241
1 74 1703 209
4 35836
4 6997
1 1194 982 45
1 372 1003 98
4 22940
4 9989
4 38211
3 24200 44449
2 39539 279
1 242 859 64
4 36299
2 19064 615
4 19919
1 1466 1000 762
3 16098 21133
4 24811
2 22294 808
1 1706 1289 833
2 25171 988
2 44297 728
1 1342 1731 337
1 1042 57 926
4 36403
2 20347 728
3 40447 14841
3 1505 27617
1 488 304 162
2 22736 756
2 25360 389
1 562 1442 717
2 31754 540
4 18111
4 5208
2 39831 941
3 34515 21329
3 16052 685
4 220
1 1181 239 156
3 51876 28860
2 61683 626
2 67120 193
3 5027 55034
1 908 673 644
3 1144 21947
2 15872 202
4 16749
4 69749
4 18972
2 13940 816
2 36393 152
4 39152
4 19051
3 50037 58867
1 1541 500 868
1 1832 253 611
4 40111
2 44706 439
4 59635
2 49072 890
1 332 1543 405
2 2499 295
2 31611 994
3 3394 57702
2 74381 932
4 1909
3 1139 47972
4 20124
3 19239 26529
2 41951 497
4 34820
2 59703 627
4 54731
3 85403 5411
1 1721 944 801
2 27127 204
1 1993 328 867
2 80927 20
2 93317 126
1 648 1990 27
3 7380 67291
1 123 999 349
3 4084 64691
3 8045 52334
1 112 1734 791
1 1298 1674 322
1 702 554 399
1 932 567 808
3 42151 49698
1 648 774 965
3 10652 31924
3 80127 51841
4 51618
3 79095 36667
4 19351
4 54008
4 71457
1 215 549 308
2 53711 312
4 47060
1 1646 607 513
3 3749 25000
2 88820 471
3 55892 22814
4 73429
2 59294 828
4 36236
3 1420 60420
1 1637 197 927
3 32641 92843
4 50826
4 80175
3 42928 493
3 35622 8325
3 100551 69364
3 27521 46123
1 1075 450 274
2 98148 765
4 13277
3 1304 21786
2 77998 597
1 1882 1605 449
2 19747 803
4 80326
1 1369 701 158
1 936 1177 511
1 1184 1084 242
1 1635 1161 193
2 73839 33
3 59218 54908
1 739 253 933
2 52396 153
4 79336
1 465 1890 455
2 49833 628
2 79150 408
2 65416 924
1 1166 1907 99
1 1309 1676 250
3 85712 57384
2 17001 301
4 113745
3 54553 23868
2 22784 670
3 31740 61376
4 3816
2 49882 73
1 1771 1730 654
3 27354 120213
1 334 22 554
1 309 703 882
3 8295 121046
2 23046 211
4 58864
3 32355 30194
1 1116 79 841
4 103430
3 66466 91984
2 5151 863
1 835 629 175
1 1511 630 492
4 104450
3 16416 32343
3 89093 42755
3 5803 94421
1 310 1532 787
1 1301 183 121
3 44307 43708
4 29288
3 39021 112545
1 165 1275 837
3 122763 32918
4 56847
4 35631
1 110 1892 720
3 106990 24905
2 88062 652
2 11373 685
4 126667
3 67903 38102
2 126562 277
4 73058
3 81480 74174
2 60643 310
3 84999 27137
2 135477 151
2 26419 182
1 189 1378 696
4 10729
2 76568 919
3 16034 22985
1 1697 984 679
1 544 1657 619
3 36828 36582
4 33438
3 80607 134981
3 7345 135559
1 1358 524 381
3 14088 23977
3 98467 1610
4 54986
1 1542 1387 843
4 55676
2 106876 383
1 31 894 810
3 14354 79634
3 53334 139069
4 24221
3 143457 106413
3 26312 12526
2 18673 219
2 77183 695
3 59561 707
2 35257 368
1 1211 632 439
3 14685 93884
3 82842 119487
2 48935 454
1 1846 667 242
4 46509
4 121454
1 557 1273 706
1 1830 253 616
1 1145 1365 545
2 39715 512
1 1429 1507 176
3 114292 10891
4 65014
2 146601 186
4 41658
4 2024
2 89406 491
1 1201 1112 142
1 1202 1609 912
2 62007 437
1 133 1428 890
2 40265 418
1 1989 1807 787
1 1010 13 43
1 1255 1964 60
3 79412 118222
1 724 938 947
1 1546 1531 261
3 130116 50807
4 157153
1 1615 610 295
4 141828
3 85764 52252
4 57046
3 72277 15755
1 1427 1239 703
3 127727 94645
4 123317
1 1119 907 784
1 630 1701 312
2 95828 988
2 118400 443
4 81012
2 148307 972
3 148744 57370
1 915 302 929
3 48006 71237
4 55346
1 829 1210 352
4 60297
2 136968 217
4 115720
3 43648 158940
1 594 702 846
1 867 966 222
4 34579
3 9551 164448
4 100434
4 65143
2 19931 249
2 237 458
1 1210 1634 222
3 73737 89358
2 58982 362
4 87277
2 69511 788
1 601 1458 831
3 161237 68291
2 62273 555
3 128399 176763
2 7386 703
3 108175 108652
4 176569
3 4143 175635
1 733 489 699
1 796 827 409
2 102342 474
3 123916 84191
4 21085
1 1910 1948 468
1 1750 1385 526
2 132066 921
3 37161 58856
2 88570 68
4 140513
3 26267 16910
3 34384 80492
3 3071 70156
3 181087 163369
1 1636 1920 878
3 45485 30227
4 85879
2 149310 249
3 132254 153747
2 17255 35
1 605 824 737
1 1881 1828 162
1 509 1711 134
4 120892
2 24527 572
2 63021 750
1 1419 229 148
2 145416 30
3 68178 155967
2 25915 434
3 109610 159260
2 150764 879
2 73808 704
2 152413 850
4 110888
1 468 1354 299
3 3948 186548
1 1618 1943 732
2 42598 590
1 1767 465 858
2 115284 473
3 82474 56730
3 27988 35608
2 209756 147
4 126379
3 128077 77667
1 797 1224 626
1 965 574 294
4 12538
3 13352 195396
1 110 545 69
1 1706 251 709
4 137573
1 1412 394 872
2 134225 563
3 64785 43755
1 697 1669 86
1 457 206 452
3 202397 211740
3 53199 77878
2 40419 454
1 1936 517 695
3 155239 34954
1 376 472 200
1 127 452 71
1 1343 1261 136
2 112466 322
1 624 1281 789
2 10500 85
4 146821
2 71242 254
1 223 1894 670
1 1157 262 900
2 4791 430
1 632 331 762
2 196332 760
3 63899 77411
3 75209 80627
3 222993 132855
3 210736 81062
3 138954 148003
3 133334 62458
2 49881 114
4 124329
4 208356
2 163834 845
2 25124 955
3 230106 101002
2 129110 939
3 11212 32593
3 142978 115120
3 162261 211022
2 185067 805
3 49611 52021
4 34826
1 1743 199 420
4 108381
3 126258 213525
4 190425
1 1502 424 80
3 179891 204534
4 145319
1 45 1989 543
2 204533 340
1 1733 4 821
1 1734 1479 518
3 61335 208934
4 121390
3 94193 160158
2 95257 995
3 32076 116750
1 957 1969 63
4 123273
2 75023 134
4 22188
1 936 847 548
4 169892
2 2076 447
3 198135 2191
3 242471 125175
3 219052 150432
3 31662 63903
4 133668
3 222830 78344
3 40425 73756
4 159240
4 210889
1 53 1433 847
2 59809 27
2 75035 374
1 711 1618 998
2 60236 387
1 1605 1076 357
4 249267
2 181489 45
1 1095 341 441
1 67 1120 329
2 155037 23
2 175252 415
1 1844 1823 644
2 190989 994
3 68301 183139
1 959 382 737
4 163419
3 27061 189647
2 195151 512
3 154353 56691
2 237612 321
1 749 290 728
2 36143 290
2 99378 943
2 255251 80
2 238382 450
4 51655
2 238774 793
1 1953 1099 472
2 218468 786
3 91575 226772
2 165149 809
2 101179 680
1 1124 1093 377
4 113947
2 231838 221
4 165651
4 266161
4 100413
2 263656 66
1 1996 938 286
1 633 370 557
1 127 931 143
2 103037 770
2 87521 58
2 270825 618
1 947 99 468
4 244785
4 258021
3 6621 263845
4 219950
3 263703 2442
3 51458 281643
1 906 45 714
1 749 42 533
3 153269 287306
1 1185 1938 589
3 226651 276566
2 273634 569
1 1988 1510 103
1 697 53 436
2 174285 894
2 51788 282
1 1832 1726 876
1 881 446 806
1 1165 1628 637
4 125550
4 84496
2 11812 116
1 1772 1968 368
4 230776
4 187214
4 90677
4 44079
1 1829 1093 419
3 26313 278468
4 181176
3 277391 190762
1 386 1286 887
3 247017 271131
4 130514
4 21470
1 1981 496 152
4 20079
1 131 361 922
2 226574 110
3 77159 280797
3 33198 38637
2 128410 534
2 12204 180
2 89543 565
1 1001 968 945
3 184574 140652
1 262 1458 531
3 76104 257976
4 131501
1 160 1114 2
3 127610 29181
2 67352 751
2 142861 934
3 183269 279560
3 23956 125213
4 105345
4 73262
4 49601
3 215690 82920
4 123163
4 157065
2 37730 14
4 1476
3 32353 217907
1 1067 1231 198
3 140505 78875
2 73156 954
4 51861
1 1695 469 931
1 1577 53 170
1 980 504 9
3 130256 184607
3 194871 93392
3 258217 278615
3 50253 88810
3 142844 66230
1 1854 1578 751
3 3846 26559
1 1812 487 379
2 418 593
1 1845 287 26
4 273441
4 179006
3 219273 275940
3 140945 222368
4 172063
4 151126
2 135076 311
3 58510 105647
4 17298
1 1249 211 739
1 1301 147 711
2 270757 629
3 19121 202746
2 98035 853
4 61475
4 83906
1 144 602 591
1 980 789 545
2 134568 206
3 251360 154848
2 74829 158
3 227039 19049
2 33811 215
3 242875 4991
1 1256 894 818
1 366 1279 2
4 84761
4 51368
3 295754 317761
1 3 1299 700
1 869 436 482
3 23131 30254
3 72926 290660
2 94088 137
3 33874 11221
2 192494 47
2 85379 409
4 159088
2 46272 374
2 35939 473
3 4398 293656
2 112204 599
4 54268
3 158166 242306
2 313628 147
3 207749 247521
4 171255
2 319491 860
1 182 444 61
4 341391
3 187592 272202
4 124160
4 130548
4 238734
3 283359 131138
2 35035 245
1 1544 92 58
4 25157
1 1726 154 318
4 209478
3 241253 103807
3 19644 83978
2 89202 600
3 329119 40116
2 297519 563
2 160858 965
2 263013 297
2 32611 338
1 94 679 713
3 85422 61275
3 103821 155011
2 288494 540
3 152530 69419
1 882 200 210
2 162096 557
2 106370 246
3 266588 162873
1 1468 48 506
4 265314
1 1505 818 814
2 3094 880
2 98662 713
1 655 275 197
2 345541 869
2 180982 44
3 29907 199712
2 190691 764
1 123 771 105
2 143550 625
4 81516
2 82887 382
2 351116 419
2 221296 463
4 243086
4 211639
1 92 1168 184
2 118514 981
1 881 1442 575
3 306539 364668
2 289384 798
1 202 884 411
4 325628
1 1155 115 123
3 82098 289596
2 226201 102
2 45216 697
1 1308 1546 510
3 84598 107629
4 200151
1 1651 1424 95
2 257510 494
1 1622 1470 196
3 156922 37812
3 341673 75343
2 225251 91
2 385509 823
1 560 1735 139
2 88416 703
2 375394 545
1 1727 892 116
2 9027 126
4 1413
4 70529
1 130 1171 973
3 12014 379564
2 262346 75
3 3047 922
4 113502
1 1389 1784 921
3 241357 269900
2 399835 685
4 217594
3 129528 158657
1 263 1717 772
1 1366 1140 407
2 336708 229
2 332037 334
4 334431
2 260943 894
2 334747 346
4 375896
3 342355 263135
2 188960 619
1 914 1203 563
3 134492 149908
4 253622
2 27230 765
3 137439 193042
4 408683
2 4892 826
3 301128 269791
3 288497 228985
1 1158 1800 430
2 144830 526
4 286682
3 263317 203513
3 133767 224685
1 366 1420 510
1 491 496 179
3 218252 296183
4 13359
1 1169 1450 375
4 94494
2 55725 322
1 489 1795 94
1 1204 443 152
3 315337 314161
3 376718 90647
4 105481
2 166465 168
2 16310 591
3 249992 181307
4 398585
3 304523 366985
4 420062
4 244761
3 207431 93299
1 1745 609 925
2 404557 791
2 364884 117
4 119984
3 185739 135102
4 124221
1 836 331 324
1 1504 894 657
2 332053 347
2 229789 352
2 191341 866
4 13031
4 317089
1 339 679 53
4 387991
2 391222 427
2 298051 617
1 447 884 86
2 28654 925
2 160663 77
3 162675 440232
3 366800 120446
4 101078
2 13377 288
4 175527
3 242304 331508
2 72116 1000
1 1097 910 611
1 546 200 289
1 496 46 829
2 369506 398
4 235280
4 304644
4 275322
2 236266 221
3 406219 212678
2 327495 677
1 1126 217 71
2 166680 975
4 22759
1 1042 1959 364
1 1418 1834 102
1 1807 1772 654
2 223631 195
2 203527 888
1 310 937 355
1 1736 302 410
2 146503 748
3 395468 171787
1 1496 292 254
3 224314 97042
3 370791 152130
1 1822 893 545
1 1164 796 407
3 385851 189797
3 40809 395803
2 331290 256
2 439940 660
4 396276
3 351027 428517
2 81072 777
4 342061
2 459052 587
3 382292 57924
4 80896
4 335101
3 280149 439942
3 23929 421028
4 119251
3 318573 352422
1 1802 1265 774
4 217947
2 450619 372
3 278048 153946
4 205955
1 721 12 452
4 106273
4 366064
4 60172
4 273854
2 218555 498
1 129 709 436
4 280708
2 59350 353
4 143637
3 229035 434696
3 92234 136975
3 239555 215737
1 1030 179 903
1 920 1271 166
4 93924
2 10583 479
2 121547 937
4 441516
2 106294 691
2 175440 530
3 334005 317073
2 218143 225
1 731 1091 312
3 278476 361200
1 887 1110 583
4 104670
1 587 201 314
4 295468
1 1700 1250 843
2 110841 236
1 1575 244 886
3 287912 47477
2 284943 374
3 271942 199287
3 296796 197546
4 460632
4 443664
4 391036
1 761 1441 851
3 388710 387269
2 102616 20
4 244911
4 264944
2 274598 125
2 142524 726
4 322308
4 439938
1 675 821 202
2 432514 324
4 264868
4 343068
2 117136 271
4 332964
4 36924
3 130507 16953
2 481368 923
3 357519 144219
1 1598 856 782
2 224178 500
3 331905 41166
1 1333 289 628
4 402603
2 48638 495
4 273222
2 194732 501
4 127259
2 434096 296
2 239645 29
3 304842 122033
4 333079
4 428693
2 135138 108
3 143277 56212
1 348 528 374
1 1217 385 870
4 283730
2 385634 618
2 232349 122
1 1840 1508 655
2 482344 286
1 113 1853 710
1 1420 1198 641
3 319083 376706
1 1188 1664 505
3 422906 271243
1 396 429 382
3 480786 34062
2 503696 152
3 93791 388257
4 449232
3 164571 160620
2 39486 402
3 477863 387218
4 11208
3 115224 92534
2 382332 699
1 300 813 7
2 349269 174
4 93525
1 212 282 817
2 314306 316
1 686 589 806
3 351250 420072
2 318571 652
3 389733 74568
2 374881 42
2 322066 961
2 243567 105
1 738 223 247
3 369017 241477
4 219389
2 450549 940
1 1814 1581 854
3 143264 9744
4 282724
2 165640 592
1 588 636 835
4 18161
2 342786 958
2 239666 222
2 282631 869
4 72243
3 16304 337537
1 324 236 55
2 429514 774
1 862 589 308
2 214667 686
2 389195 137
1 1887 817 999
3 501154 487922
3 16038 368574
1 574 329 514
2 535222 987
4 98916
2 292104 369
4 237805
1 1357 1393 755
3 529374 318061
4 324502
1 969 1794 100
4 283991
4 478069
1 1078 958 359
4 256745
2 75993 590
3 331679 167393
4 399851
4 329722
3 31805 229022
1 1647 1142 385
4 157265
3 434178 87151
2 537626 665
4 16074
1 563 1339 819
4 302365
2 56607 951
2 503348 550
3 388393 310111
2 406893 878
3 58389 421747
3 455087 99625
1 1847 1735 949
4 246894
4 489472
4 256717
4 67396
4 430438
4 532633
4 148985
4 198866
1 1959 714 966
4 292626
3 541840 321014
2 39751 435
4 335408
3 395269 405412
2 355946 797
1 556 370 553
1 1123 898 297
2 398591 533
1 1007 506 978
4 95311
3 222307 78879
2 83548 642
1 253 1487 765
2 281331 981
4 20842
2 321325 272
3 311060 545846
2 397981 798
2 158028 588
3 96802 99551
2 59642 527
4 315332
3 76047 111850
1 1134 771 276
4 539162
2 14943 687
1 697 1965 619
3 580622 100623
4 111920
1 1101 1513 643
3 115752 104941
4 199613
3 275214 13932
1 77 205 76
4 5799
3 15085 236013
3 480840 256473
3 427074 66439
3 10330 563892
3 282537 508360
3 493354 53025
1 1239 833 318
2 291821 602
3 490216 376949
2 513353 320
4 120199
1 1225 996 735
1 1850 1468 632
4 149916
3 232291 586391
4 216414
1 1835 1479 323
2 247427 821
3 58865 186239
4 207058
1 1136 1708 261
4 346706
3 429275 247803
3 329426 354571
2 491746 558
2 455466 28
1 934 668 755
3 21684 86904
1 1190 1752 633
3 271670 449556
4 497621
4 333496
2 325569 316
2 490829 523
3 43039 374290
2 269763 462
2 485711 370
3 286941 554063
4 450434
4 380443
1 1790 1751 45
4 252955
1 1184 2000 840
1 1563 1629 278
1 1769 337 943
2 51279 2
4 53797
3 335431 91589
2 280858 521
4 138932
1 1786 1018 218
4 437143
3 247974 146351
2 265849 852
3 212477 544572
4 4058
4 65061
3 191431 498340
3 501541 160656
3 309245 233981
3 587445 274908
1 348 1547 18
2 534999 263
4 234673
3 429769 237654
2 257698 464
2 230319 635
4 523960
2 580175 929
2 221191 922
4 380041
1 1370 1925 225
3 373396 518738
4 224191
4 294764
2 168701 552
1 1445 1976 102
1 1541 1304 802
1 32 545 352
2 416932 175
3 437818 201146
1 1891 1114 227
2 68621 961
2 452654 312
2 13252 673
3 23717 417736
3 347305 495612
1 1338 809 971
1 1949 29 19
4 518947
4 319158
4 535547
4 421332
1 615 1763 606
1 1895 877 645
1 910 1294 635
1 1499 1657 144
3 129328 579022
2 59455 111
2 539335 805
2 343590 10
3 35353 270131
2 396296 973
2 116222 291
3 352528 132713
2 184839 820
2 568660 399
2 63233 50
4 156439
2 257157 558
4 552267
2 456693 751
3 380619 309837
2 361902 862
2 80062 78
3 474148 198377
2 252000 536
4 129974
1 1922 1336 848
4 47101
2 203698 43
4 150415
3 513067 206301
4 119029
4 3813
3 368095 126324
1 1015 365 813
2 654081 687
3 601736 381382
2 434645 761
3 643323 277388
3 87994 127797
3 373776 224431
4 13676
4 344681
1 667 243 976
1 670 1833 109
2 429252 529
1 1156 1595 198
2 60853 668
1 315 1700 354
1 1874 404 936
2 376181 877
3 114264 20915
1 874 421 423
4 44830
2 629643 896
1 548 769 500
4 349112
2 366599 531
2 586369 708
4 454733
4 447272
3 404096 670335
4 469198
1 610 866 886
1 1514 984 427
1 1912 874 623
1 94 169 874
3 589499 331799
2 577794 77
3 162243 240146
2 427795 337
3 100686 378895
3 449399 144998
4 564599
1 235 1989 325
4 373230
1 513 259 327
3 532117 601756
2 376633 623
4 74901
3 225215 220107
2 537352 431
4 376546
4 485060
2 461316 327
1 283 1216 830
3 683004 152728
2 662466 528
2 56637 306
1 1709 541 10
4 314509
3 525281 44538
2 93538 938
1 1499 1486 511
2 38076 852
4 311234
3 562605 565967
1 1591 3 845
1 130 974 746
4 669949
4 604784
1 602 777 639
2 617754 848
1 27 730 708
2 195391 203
1 1520 749 562
1 1400 1571 875
2 503582 886
3 393903 52828
3 27907 360503
2 591948 951
3 623314 479926
3 338759 250341
3 105005 296656
3 418753 696343
3 190798 212974
2 630374 906
2 444093 492
1 1740 1816 29
3 508896 295661
4 530442
2 622698 123
3 289124 601434
1 254 1911 461
4 371260
4 124996
2 92547 448
4 7168
1 1119 1570 842
4 584655
3 353457 414255
1 12 886 911
2 152731 142
4 145815
3 119616 598956
4 542178
2 637372 843
2 142359 743
2 264395 998
4 248668
1 1115 904 135
3 468705 479504
3 75697 242781
4 90967
3 225408 366290
2 639276 496
2 140516 878
1 1630 1984 229
4 560051
1 1434 1099 701
2 604162 741
2 332039 235
2 30831 566
2 451703 848
1 357 1786 273
3 115867 109421
2 358380 206
4 17031
2 711190 328
4 384226
2 188879 823
1 1658 221 496
1 385 1280 537
3 503480 211321
3 82768 535952
2 697277 742
3 649731 339043
2 339413 32
4 659721
1 1025 442 235
4 146809
2 482876 689
2 677484 432
4 35903
1 1901 1836 447
3 293140 700400
2 492451 575
3 284782 210917
3 286089 96238
3 455965 346671
2 54698 317
2 525441 384
2 457827 699
4 322392
4 2019
2 191620 411
2 615773 257
1 103 909 255
1 1918 1436 178
3 447293 2911
2 304631 138
2 750890 381
4 569970
1 607 909 629
1 1644 1020 840
2 452681 849
3 616891 497935
2 603824 816
3 761779 369352
1 10 1649 19
4 129466
1 1163 1286 302
1 728 1012 72
1 1780 942 210
2 577143 687
4 536734
3 319726 213886
1 1769 1541 835
1 1913 1837 739
1 1949 1447 95
4 739397
4 122600
3 733427 488532
3 638337 517783
1 237 1821 235
4 337243
4 303848
2 364178 834
2 670067 872
4 38239
3 433728 524455
3 62399 378872
1 1444 1398 70
2 575513 186
2 171856 979
1 1716 1638 396
3 282823 92071
1 867 1387 143
4 145808
1 1104 1930 941
2 293519 834
4 541351
2 689502 568
1 685 1911 227
2 664781 409
2 711011 713
2 495065 910
2 646069 384
1 737 287 532
4 64681
2 509465 612
1 1039 1150 427
4 681089
2 506458 162
1 1443 247 725
3 706504 320307
1 637 587 495
3 429804 133644
4 258329
4 33134
3 477543 710238
4 475117
2 664981 709
4 403631
3 250172 495279
4 39392
3 142097 314341
3 550262 769641
4 671685
4 127994
1 1020 1352 620
1 461 525 104
2 686826 224
3 743023 309087
1 1778 696 835
2 643491 522
4 224832
4 371267
3 401866 227285
4 158194
2 700148 458
2 263041 417
2 281440 811
1 338 439 960
1 1158 1871 18
1 373 955 406
1 1839 1084 654
4 148725
1 595 198 593
4 82734
4 302155
1 1680 1507 253
3 16297 157344
2 569355 915
4 433042
3 655591 380972
3 370056 620046
2 761946 200
1 1037 429 963
1 1164 1519 563
2 211192 770
4 449467
2 672063 512
3 57004 501360
4 540820
4 162930
1 1794 1561 982
2 447943 644
2 618585 781
3 17337 345190
4 120662
2 305700 255
1 954 801 675
2 168100 320
1 92 1303 74
1 1822 1960 107
2 796858 539
1 1855 598 985
1 87 126 227
3 419003 599782
2 315566 200
2 337595 888
4 679047
2 638241 430
2 670949 891
3 808368 746322
3 678487 80498
4 712541
2 509104 201
1 585 1318 233
4 815944
3 17440 408958
2 138940 295
1 714 1565 760
2 159500 566
4 106605
3 87111 151026
3 417265 27630
2 484083 214
2 578243 269
4 672387
1 1398 1274 452
2 484706 529
1 461 1261 593
4 52664
2 810764 279
2 419143 842
3 316327 79237
4 323663
1 677 1324 903
3 262042 41708
2 482582 829
1 1763 1593 881
3 566969 683251
1 861 504 612
3 127862 570768
1 587 1848 516
4 397095
4 343252
1 1968 891 225
2 696413 806
1 1315 202 141
3 828221 155006
2 746637 1
3 434710 36829
1 841 1986 242
1 1938 990 379
3 537247 803709
3 290803 62784
2 441666 521
2 122377 459
1 468 1533 360
2 612797 24
2 438006 717
4 635862
4 313789
2 33402 769
2 31878 778
2 285867 275
3 264285 806133
3 66901 135947
4 113967
2 803810 309
3 826541 387812
3 669830 92481
2 154983 989
1 23 1941 24
4 197428
3 565626 474886
3 557261 240958
4 425436
3 394772 39703
1 727 1247 56
1 101 1646 408
3 501659 232243
4 617340
2 464217 535
3 828274 58211
1 467 565 71
3 430889 327459
2 461488 518
2 487981 799
3 566535 495188
3 796971 557070
2 174623 120
4 290998
4 375146
4 733676
2 246325 253
2 699687 954
4 157626
1 971 1679 387
4 660906
2 876313 702
3 768748 490398
3 175673 574539
3 552340 365373
2 560150 941
2 819662 234
4 527823
4 415447
1 928 1424 913
1 211 1391 509
4 85880
4 214059
1 112 1253 581
4 302493
2 460886 148
3 102710 621721
4 794167
2 779427 581
2 312465 344
4 128718
1 1069 1337 496
1 1227 1465 195
2 246479 981
2 446513 972
2 12805 221
3 464797 835894
2 380455 555
1 1727 1153 667
3 488009 430175
1 1 1791 903
2 486991 737
3 523511 17043
1 1619 361 417
4 511483
1 1059 801 575
4 2770
3 729105 84984
3 82580 512882
4 626980
4 360707
3 391433 792909
1 176 568 71
4 298826
1 1573 351 609
1 225 1385 789
1 1923 168 177
3 735501 275309
1 1695 1487 40
2 298219 11
4 828049
2 692392 825
3 26067 591123
2 537731 66
2 578493 303
2 726444 534
2 53065 349
2 260169 175
4 57213
3 79548 398863
3 674465 428486
3 507785 481613
4 346986
4 872460
4 431149
1 110 362 164
1 966 1435 537
4 735604
1 1589 1768 10
4 294176
2 251902 135
3 40275 592461
2 399308 752
1 1119 1336 742
1 1866 1563 1
4 232182
3 867359 28981
2 863601 409
4 427755
1 176 89 580
1 1773 1499 468
1 1832 430 212
3 915844 236179
3 20091 519120
3 757572 131839
2 832856 255
4 794847
4 636534
2 467600 60
1 1466 29 694
1 871 1388 956
4 32651
3 392500 629910
2 520702 152
4 176867
3 102514 902292
4 448728
3 444878 406841
3 635969 350907
3 883675 715645
1 501 1695 296
4 207890
1 515 1281 655
2 587445 887
2 903533 282
2 366116 16
2 1205 976
3 131812 42153
3 910797 753278
1 1966 1031 591
1 1876 1510 830
3 903378 763770
2 435400 126
2 285322 775
3 836505 7458
1 738 325 72
2 190267 888
2 202330 633
3 889313 532276
2 111030 712
3 465465 780721
2 853591 903
1 446 1377 501
3 416452 406931
2 89195 269
1 617 1979 366
1 1967 1876 564
2 120175 146
4 377576
3 83726 547858
1 1874 626 603
4 799809
4 170284
1 328 1101 134
1 1401 213 482
2 827030 444
1 708 492 874
4 518921
3 71048 620085
4 421552
1 131 1581 728
4 292785
2 99700 880
2 312176 454
4 387309
1 257 779 741
4 910005
3 33681 277373
1 325 1145 808
1 1685 374 446
3 236874 934185
1 1508 83 91
1 452 1282 765
3 59788 462408
1 1245 1135 598
2 645611 283
4 489398
2 463436 980
3 656764 665593
4 42269
1 1035 1487 516
3 552572 16435
3 54153 75165
4 41634
2 543237 150
2 443825 842
1 1108 1487 862
2 553997 745
3 70153 291858
1 509 287 304
1 384 889 772
1 1609 1095 448
2 47212 635
3 174002 278997
3 839544 338013
4 292778
2 483590 112
2 362485 352
4 158299
2 289062 620
4 172312
2 837720 610
1 1164 1740 929
1 1480 686 688
1 1019 640 670
3 529748 802372
4 380958
2 94602 731
4 374689
1 1842 1774 599
4 307677
2 316104 960
4 746899
1 3 1024 776
4 90582
2 879512 341
1 154 402 89
2 112842 738
1 1605 707 493
3 477696 627262
4 709599
3 337972 957160
3 856796 439989
3 919458 486352
4 285260
4 709299
4 937477
3 703351 846219
3 592386 698764
2 553137 940
4 508146
3 506090 647807
3 759279 184316
3 143599 377352
2 459876 21
3 308629 336369
1 1612 61 365
3 128586 2579
1 1601 929 400
3 661199 114178
2 678437 648
3 35717 231748
1 1415 639 716
4 572044
3 526835 686535
4 896572
3 2138 884866
3 59436 910620
1 1520 801 36
4 99444
3 680748 968814
4 60241
1 167 1798 581
4 498244
2 820166 639
2 160421 761
3 137486 267273
3 253485 548749
2 578545 440
4 31809
1 1580 1396 868
1 111 319 47
2 917780 234
3 362348 567600
2 305670 442
4 448836
4 478429
4 547553
2 963621 267
1 1534 1593 972
4 222952
3 331825 539509
1 1079 167 460
3 871185 311309
2 216815 678
1 348 579 666
4 308520
4 772858
2 946129 473
1 1874 1825 467
3 988779 399522
4 508686
3 655467 580020
2 669247 459
4 786617
4 646269
2 873599 480
4 211050
3 988148 958032
1 60 1781 190
4 454995
4 962907
1 170 800 376
1 545 618 846
3 676314 978213
2 207542 762
4 749434
2 749646 557
1 357 1049 278
2 297490 507
2 237885 56
2 50538 658
4 306890
1 1843 1706 778
2 713847 334
4 845740
3 444101 1010296
2 712660 315
4 198418
3 812181 60340
4 1012400
2 259059 438
3 81698 674295
2 790033 229
3 774567 503804
1 1432 23 195
1 530 1575 325
1 1759 1560 145
2 562506 823
2 427316 162
4 716231
1 1087 729 899
1 1904 679 646
2 679931 513
1 261 1962 189
1 15 1541 832
3 598170 714763
3 167276 48662
4 448664
2 293978 564
4 849476
2 697300 749
4 560012
3 877821 51652
4 919928
3 322923 708201
2 1024068 329
3 467998 112814
3 936580 518380
4 749661
3 993405 676667
2 553988 580
2 448532 829
4 828724
2 174418 193
4 275190
3 269388 1028289
3 90035 55279
1 424 603 627
4 1033607
3 615858 725561
2 309764 580
3 264328 524456
3 862056 7276
3 800847 330506
1 1578 87 350
3 68181 749715
3 270210 411840
2 223288 817
1 632 757 775
4 403987
4 457183
3 186736 453095
1 807 176 39
3 862388 365428
2 156104 449
4 285563
4 1009683
3 663792 520502
3 620960 987647
3 398196 257597
3 688464 889068
2 1005030 603
4 555810
3 586335 210288
1 1512 76 518
3 715315 842076
2 767517 478
2 300439 838
3 991806 899123
3 284722 431490
1 902 1967 62
1 167 911 947
1 1849 1172 27
2 995661 126
2 789607 29
1 885 866 957
3 937225 179150
4 1049522
4 26947
3 985914 642958
2 186588 293
1 1323 1664 193
1 448 1093 698
3 582849 988101
4 573732
4 690544
4 546978
2 270639 489
1 907 671 50
3 824953 260932
3 396912 334376
1 1325 1401 106
2 335883 791
3 685702 407508
4 705930
4 455959
4 897657
2 220229 128
3 747057 40080
