100
20 27
27 23
20 30
27 14
23 61
20 34
27 22
20 63
27 98
23 12
27 1
27 43
20 62
27 85
20 55
23 46
27 16
23 9
27 25
20 50
20 96
20 28
27 21
23 88
20 94
20 74
23 45
27 92
23 93
23 13
20 81
27 77
27 70
27 60
20 90
20 52
23 37
23 78
20 68
20 75
23 69
20 40
20 2
27 86
23 83
20 32
27 73
27 33
23 100
27 18
23 24
20 76
23 66
23 42
27 35
20 31
27 49
27 56
27 6
20 79
23 97
23 91
20 3
27 72
23 51
23 54
27 95
27 65
20 39
20 7
20 53
23 4
20 41
27 38
20 82
27 15
27 26
27 80
27 48
27 29
23 57
20 47
27 87
27 84
27 99
27 36
27 10
27 67
27 8
27 11
27 44
27 5
27 19
20 58
23 17
27 89
23 59
20 64
23 71
