1000
891 45
891 361
891 744
45 471
361 472
471 300
471 895
744 1000
471 553
895 777
744 296
472 2
895 488
895 867
361 767
867 649
891 960
45 365
553 136
867 284
471 504
2 130
361 260
260 390
1000 769
767 376
300 733
895 594
130 612
2 692
612 536
45 421
960 611
284 661
611 776
136 362
365 972
776 518
536 859
777 327
1000 172
960 7
471 259
594 104
130 31
260 843
649 285
472 581
172 825
733 423
776 785
31 161
825 609
390 851
769 261
891 556
471 934
390 818
733 959
376 48
172 302
777 783
2 215
7 772
769 23
895 145
45 407
859 669
536 89
692 828
733 6
553 65
365 775
260 602
7 406
504 530
45 751
744 804
733 505
45 405
611 377
518 866
361 430
130 685
776 526
7 970
390 127
843 646
649 510
661 514
612 877
45 239
536 146
733 662
843 654
843 116
300 842
960 689
825 319
362 305
376 948
972 687
777 522
581 762
776 846
327 834
692 551
31 735
859 39
471 971
284 904
767 573
284 493
825 387
859 711
1000 335
285 937
776 642
960 558
2 973
843 52
895 543
867 870
471 961
594 62
960 419
518 257
777 487
972 657
362 569
362 152
661 857
843 262
744 764
376 912
612 397
960 508
767 281
376 76
1000 792
744 920
362 494
692 499
31 753
362 958
744 796
45 466
594 287
777 967
376 164
895 158
769 624
972 627
284 49
2 142
536 41
172 659
130 872
45 180
300 363
733 693
661 208
776 276
421 745
284 242
327 780
611 248
471 768
612 32
581 231
260 876
472 67
421 206
661 55
104 622
843 312
825 547
594 94
733 167
259 131
471 787
104 677
376 512
859 66
472 119
744 354
594 538
488 524
859 112
7 85
362 70
300 968
2 228
172 789
259 110
594 716
376 411
130 449
518 341
45 523
130 521
31 148
31 626
594 887
553 807
45 458
843 595
296 847
45 987
472 837
390 529
472 916
553 947
259 819
296 773
518 964
581 372
581 338
104 965
260 226
7 64
843 417
260 14
300 647
612 200
536 424
260 984
776 695
612 720
859 28
661 233
767 195
390 69
376 332
296 614
31 187
733 555
960 742
390 163
365 443
300 256
296 950
594 211
960 68
296 420
972 858
733 983
260 263
972 900
518 197
136 63
611 224
2 933
1000 3
285 19
972 426
130 245
733 408
504 580
421 638
488 452
376 908
45 87
859 946
284 794
172 640
594 533
972 431
767 999
611 605
1000 36
472 943
7 433
1000 619
891 940
960 258
859 610
488 24
553 129
471 324
895 548
300 140
2 906
376 22
130 644
488 349
536 358
172 989
390 434
1000 540
361 479
891 435
960 84
472 770
300 919
45 351
172 949
376 35
104 53
300 462
504 665
518 364
130 820
825 214
612 738
777 218
172 907
867 326
471 848
472 275
767 264
777 527
488 924
733 446
284 266
661 672
744 982
536 176
594 550
488 682
361 513
649 797
504 325
421 936
260 181
259 378
136 939
744 507
843 101
767 428
390 217
421 864
327 754
895 930
284 821
744 899
769 865
362 591
504 889
285 359
867 404
365 476
7 727
891 396
661 724
649 385
867 345
365 628
777 34
843 765
296 974
472 623
390 722
362 221
284 525
327 40
553 339
611 942
825 802
488 731
859 477
300 809
972 320
361 571
259 503
536 328
692 881
327 833
104 481
7 105
769 668
972 535
536 184
504 399
488 216
825 8
744 585
45 988
891 398
895 935
285 194
260 703
612 491
594 237
1000 205
471 849
130 367
825 73
300 779
649 786
172 409
594 690
365 643
825 265
130 718
285 143
960 44
45 598
421 701
518 369
504 732
104 50
859 123
260 72
661 9
172 882
891 601
536 240
327 343
327 102
767 447
260 223
130 165
284 656
612 991
661 925
361 884
611 579
611 963
536 207
300 212
859 357
612 714
390 981
767 673
891 299
1000 926
776 515
649 42
31 436
891 490
611 159
867 850
7 191
895 457
767 713
733 306
421 124
361 860
744 839
327 823
260 209
594 869
594 156
581 114
284 913
859 255
327 707
661 997
45 60
777 790
104 294
376 495
390 539
692 615
260 253
859 246
488 546
285 134
661 178
300 574
300 620
825 655
661 465
536 293
744 938
361 954
421 355
504 952
518 861
472 636
471 648
553 915
536 483
300 962
361 33
172 719
733 464
296 552
612 395
361 587
825 663
45 863
45 650
733 270
733 584
488 313
661 784
390 910
733 945
733 625
518 111
296 698
960 658
843 994
488 278
488 4
2 467
612 868
471 370
594 572
972 61
960 291
472 511
972 56
327 29
692 331
361 182
895 374
518 366
581 730
972 995
891 117
104 314
1000 975
776 921
7 918
361 13
744 501
972 810
300 26
611 879
361 463
130 383
536 469
649 708
421 441
31 213
649 696
777 79
2 645
488 596
692 563
733 247
365 721
1000 897
421 78
361 791
7 230
867 329
361 852
504 723
843 878
376 99
362 717
536 474
488 509
960 37
31 274
612 18
390 892
611 674
891 225
45 336
362 561
777 171
769 729
488 177
733 186
2 844
692 107
361 480
972 219
390 890
895 880
895 440
649 978
777 675
1000 155
259 98
31 667
891 347
365 437
972 468
365 836
776 38
361 875
31 288
130 799
471 554
661 608
2 382
536 403
260 941
7 651
259 323
327 210
296 183
104 157
769 234
488 489
104 125
471 841
1000 222
581 706
361 531
895 953
891 137
960 914
769 485
867 736
172 885
390 459
767 805
661 455
285 201
136 694
327 389
361 894
1000 30
611 115
581 911
390 570
390 705
553 318
45 83
767 297
390 886
553 756
327 394
488 401
859 422
136 955
7 77
536 80
376 267
327 549
365 845
692 393
692 534
300 838
260 138
300 303
300 346
260 633
553 873
45 252
611 179
1000 528
471 589
594 824
172 478
327 927
536 835
362 254
581 310
867 822
136 10
960 128
972 118
972 893
7 803
891 740
365 90
488 600
504 113
365 344
767 88
504 917
867 676
1000 445
859 188
104 588
581 782
649 990
692 91
867 630
421 282
45 577
361 502
518 831
300 639
661 15
767 684
859 909
259 557
867 741
777 544
2 781
581 826
661 758
972 498
31 484
2 333
390 506
136 47
518 384
488 330
1000 492
767 168
172 766
611 337
327 86
362 613
518 199
260 583
767 121
327 666
1000 590
1000 204
504 241
296 752
260 292
581 697
744 788
553 368
661 416
536 57
259 348
361 342
259 120
390 20
361 27
361 250
843 688
471 244
649 902
891 160
362 567
891 932
581 621
130 317
895 763
581 712
744 829
488 133
7 304
612 461
365 470
7 874
553 757
362 725
859 322
362 315
104 795
285 381
692 139
45 883
594 726
104 352
972 277
843 576
1000 450
300 21
972 486
488 541
972 418
136 100
769 271
284 774
2 448
504 748
733 153
284 353
260 519
130 103
867 460
536 618
1000 592
488 97
260 830
776 542
776 236
769 606
972 175
504 800
327 196
612 71
581 856
300 496
895 268
488 632
692 340
612 691
661 380
362 728
471 827
327 500
611 301
472 671
733 565
960 295
553 898
776 243
859 798
2 308
390 58
744 238
362 931
104 132
972 660
260 923
843 444
777 17
327 922
296 559
776 566
130 747
390 929
471 141
553 1
390 516
825 43
777 413
390 95
843 670
769 815
421 82
769 759
733 309
776 232
867 106
867 412
767 681
7 74
2 664
365 616
362 147
284 126
260 11
472 122
843 166
504 298
1000 704
327 840
421 439
891 202
260 737
327 429
612 173
536 678
361 386
361 599
376 653
472 603
733 81
581 778
327 985
769 560
376 575
611 634
769 928
7 189
390 734
504 46
172 425
488 54
471 966
285 391
104 855
259 356
136 280
45 761
31 976
45 290
594 564
895 517
31 635
891 812
104 617
45 969
1000 709
376 150
296 414
744 903
390 350
365 154
661 986
733 307
7 279
1000 174
649 700
594 144
611 680
2 996
172 979
1000 334
776 582
733 871
776 273
365 198
661 269
260 59
136 311
361 699
777 51
136 442
284 817
649 637
285 192
285 998
390 96
172 235
421 92
45 109
895 604
285 190
536 410
518 896
504 607
504 888
365 771
390 316
31 453
488 641
259 755
260 321
31 801
1000 956
972 806
1000 454
1000 578
777 272
960 402
421 251
130 456
172 793
376 520
594 862
284 371
2 977
553 286
365 427
843 905
45 629
260 475
285 710
895 631
259 220
31 951
594 901
421 375
172 170
504 12
1000 816
972 545
895 683
776 438
895 203
649 832
611 151
472 854
504 593
843 586
692 415
536 373
45 811
733 5
471 185
260 388
581 25
777 537
777 75
136 760
649 482
581 993
692 379
471 568
504 229
365 193
867 451
859 679
472 814
136 16
300 283
472 739
488 853
172 750
104 944
612 957
2 686
553 360
611 289
612 532
895 808
285 93
776 746
259 497
661 108
769 562
649 597
31 169
172 227
376 162
296 149
7 980
1000 392
769 400
611 715
536 813
661 702
172 749
843 473
327 249
536 652
649 992
649 135
284 743
488 432
