100 100 0
1 2 572
1 3 411
1 4 76
2 5 445
1 6 234
1 7 739
2 8 339
6 9 50
1 10 788
8 11 537
7 12 387
7 13 755
2 14 668
10 15 6
13 16 28
15 17 55
3 18 345
5 19 474
2 20 791
16 21 486
6 22 883
11 23 470
17 24 818
24 25 152
18 26 650
14 27 352
24 28 847
17 29 373
9 30 494
14 31 754
21 32 692
2 33 741
18 34 71
8 35 354
20 36 715
11 37 392
18 38 485
34 39 2
33 40 970
3 41 766
35 42 968
25 43 721
29 44 955
8 45 335
37 46 472
23 47 734
11 48 205
5 49 603
31 50 54
21 51 379
16 52 520
34 53 627
12 54 376
1 55 655
37 56 868
48 57 365
11 58 719
12 59 666
11 60 704
45 61 315
5 62 724
48 63 300
32 64 262
10 65 531
34 66 333
2 67 397
18 68 30
43 69 263
10 70 380
26 71 149
51 72 534
21 73 973
40 74 568
27 75 604
53 76 351
26 77 7
38 78 752
1 79 771
33 80 545
15 81 660
81 82 814
66 83 536
17 84 133
73 85 620
56 86 793
48 87 308
44 88 537
67 89 559
17 90 321
25 91 112
17 92 790
52 93 485
25 94 198
58 95 666
85 96 813
86 97 542
11 98 336
62 99 132
87 100 804
2 55 252
1 16 3 141
4 9
2 29 827
4 20
3 40 267
4 217
3 163 33
2 16 275
2 3 507
1 6 97 883
1 52 98 414
2 346 667
1 48 38 519
2 484 353
4 54
3 616 40
1 60 21 967
4 388
2 49 839
3 259 95
1 29 16 918
4 200
4 496
3 216 395
3 576 792
1 23 28 707
1 97 11 55
3 670 375
1 16 44 296
1 88 90 951
2 95 454
2 654 475
4 582
2 496 429
3 279 28
2 61 875
3 182 726
3 733 774
2 1018 255
1 75 41 239
2 1172 559
1 85 18 231
1 44 78 564
4 359
3 368 143
3 611 1023
3 673 551
3 853 1350
2 1278 813
4 272
2 1491 303
4 1167
1 45 95 868
1 85 67 827
4 422
1 45 15 872
1 91 63 532
4 229
1 24 92 429
2 745 256
4 1663
1 77 91 746
1 85 50 990
3 441 679
1 74 63 683
4 490
3 1027 1544
1 42 16 431
3 1098 1262
4 1049
4 1371
1 44 24 928
3 766 244
1 20 86 724
1 59 20 470
3 586 594
2 907 141
3 206 1395
1 86 46 232
2 1568 83
3 552 604
4 1054
2 28 436
1 51 39 480
3 1926 498
2 1709 299
2 1255 982
2 370 61
4 536
3 762 18
2 1388 685
4 615
1 61 57 974
3 1361 139
2 1333 984
2 137 814
3 1841 74
4 1659
3 310 2101
