100 100 1
1 2 867
2 3 194
3 4 723
1 5 964
1 6 793
6 7 130
5 8 922
5 9 409
4 10 811
7 11 816
5 12 986
6 13 570
13 14 795
7 15 845
9 16 171
6 17 62
6 18 288
10 19 241
9 20 294
15 21 989
10 22 714
18 23 805
11 24 697
15 25 103
11 26 65
9 27 607
18 28 814
12 29 452
25 30 573
9 31 577
27 32 267
25 33 148
16 34 542
19 35 153
24 36 282
6 37 607
31 38 940
23 39 409
19 40 569
26 41 789
19 42 7
6 43 336
10 44 218
15 45 70
20 46 615
4 47 917
24 48 596
12 49 434
37 50 13
20 51 162
47 52 711
49 53 10
43 54 575
18 55 326
44 56 91
23 57 4
29 58 190
15 59 937
50 60 919
36 61 290
1 62 491
3 63 467
47 64 45
33 65 306
55 66 660
49 67 604
3 68 293
38 69 814
38 70 203
49 71 924
24 72 701
12 73 244
52 74 855
66 75 43
50 76 862
1 77 406
66 78 719
6 79 362
68 80 600
38 81 507
50 82 245
21 83 815
81 84 692
52 85 635
60 86 816
29 87 155
32 88 96
74 89 446
23 90 480
24 91 399
60 92 61
75 93 636
57 94 349
37 95 329
90 96 300
13 97 693
39 98 391
17 99 355
8 100 539
1 39 74 408
3 22 76
3 5552 5613
2 4083 3900
3 3942 3951
2 2329 2106
2 2317 2455
1 2443 2478 2328
2 2453 2503
1 2549 2535 2821
3 2304 2092
1 12657 12622 13271
3 12402 12517
1 11811 11888 11364
1 11837 11784 11648
4 11796
4 261
3 107 321
2 4937 4875
2 4731 4661
4 4340
1 19 39 759
3 558 443
2 10130 10059
3 9785 9587
3 9086 8620
4 20687
2 553 642
2 639 436
3 403 472
3 11400 11919
1 25121 25150 24805
2 25587 25025
1 25177 25172 25243
2 24963 24698
1 25122 25152 24734
1 25213 25142 25560
1 25193 25126 24821
4 24994
4 616
1 34 63 696
4 1065
2 951 884
1 63 3 302
2 234 927
2 662 794
2 846 552
2 901 156
1 48 89 543
3 1397 38
2 18327 17782
4 17229
2 3333 2274
4 3235
2 209 839
4 340
2 725 142
2 1454 867
3 1205 1725
3 33213 33190
1 18801 18806 19301
2 19874 19426
2 19706 18779
4 18667
1 1628 1582 2040
4 1623
2 2239 810
1 66 34 87
4 485
3 538 98
1 14600 14618 14861
3 16175 14849
3 15099 13407
2 32956 34158
4 34164
1 392 459 569
3 490 57
1 9160 9144 8721
2 9896 8443
2 11136 8805
1 9162 9124 9071
3 8323 10902
3 30841 29395
1 34431 34427 34492
2 33443 34166
2 36637 34161
1 34326 34400 34521
1 34310 34429 34544
1 34411 34327 34798
1 34305 34373 34496
3 33463 34010
4 25305
4 917
2 1473 851
1 316 375 586
1 339 341 411
1 300 373 353
1 335 309 110
4 147
3 1609 2677
