100 100 0
1 2 922
1 3 169
1 4 58
4 5 51
1 6 192
3 7 521
6 8 553
4 9 792
7 10 498
10 11 207
9 12 729
1 13 817
6 14 826
12 15 468
13 16 442
5 17 317
2 18 727
9 19 376
17 20 245
2 21 356
8 22 593
17 23 492
4 24 400
22 25 782
6 26 528
6 27 934
5 28 429
27 29 115
1 30 892
14 31 456
9 32 826
24 33 51
1 34 501
8 35 616
11 36 561
33 37 694
28 38 435
20 39 704
4 40 144
33 41 308
35 42 990
15 43 543
8 44 121
30 45 797
16 46 782
41 47 116
21 48 603
43 49 825
5 50 396
9 51 881
7 52 566
12 53 513
43 54 238
37 55 597
9 56 954
6 57 171
54 58 653
38 59 400
4 60 110
27 61 529
47 62 298
16 63 154
46 64 900
64 65 665
4 66 563
56 67 483
50 68 668
49 69 389
66 70 522
28 71 355
66 72 396
67 73 19
48 74 182
13 75 250
26 76 901
76 77 621
33 78 46
15 79 657
79 80 95
21 81 386
1 82 116
36 83 342
7 84 587
3 85 466
32 86 967
4 87 234
2 88 447
25 89 517
44 90 847
35 91 670
31 92 580
82 93 11
77 94 612
74 95 944
76 96 275
76 97 868
31 98 222
28 99 370
88 100 74
4 86
1 27 54 629
3 70 7
4 93
3 22 50
1 38 57 598
3 29 73
3 68 21
2 25 628
1 27 80 379
1 95 6 636
4 164
1 8 71 130
4 37
4 15
2 148 830
1 34 26 215
2 41 767
2 172 50
1 55 93 401
1 63 99 714
4 482
2 350 150
1 14 65 681
2 207 942
1 2 97 935
3 49 425
1 72 13 391
2 50 194
3 22 96
1 52 68 597
4 377
4 678
4 268
3 126 445
1 2 84 521
3 673 92
4 545
3 572 676
1 92 91 141
3 725 732
1 62 55 719
4 453
3 502 628
2 453 286
1 10 57 257
1 25 27 541
1 55 36 52
3 132 626
2 241 772
1 86 1 51
3 689 730
3 551 429
1 50 76 695
3 165 198
3 305 393
2 275 198
3 542 254
3 1092 398
3 74 809
3 295 1037
4 183
3 668 412
1 43 13 231
4 353
1 38 72 245
1 86 63 40
2 377 565
4 756
2 858 303
1 15 14 346
2 280 197
2 22 951
4 190
3 745 214
4 745
4 16
4 107
1 65 92 793
3 1096 1032
2 577 324
2 1370 925
2 1520 198
4 1034
2 345 743
1 6 5 684
4 568
1 99 100 292
1 60 19 392
2 905 530
4 536
4 571
2 1837 42
3 1943 1487
4 157
3 1329 1464
2 520 771
4 435
1 39 8 718
1 41 24 899
