100 100 0
1 2 806
1 3 181
1 4 758
4 5 567
3 6 836
5 7 997
2 8 749
8 9 980
4 10 406
6 11 379
1 12 453
5 13 909
11 14 398
14 15 616
3 16 662
1 17 337
10 18 675
5 19 340
8 20 353
14 21 32
12 22 229
21 23 800
5 24 972
2 25 922
21 26 460
6 27 802
1 28 105
27 29 623
11 30 320
14 31 596
7 32 998
4 33 887
30 34 593
6 35 412
14 36 397
25 37 346
19 38 23
38 39 964
18 40 316
29 41 304
1 42 874
33 43 363
24 44 309
14 45 449
14 46 162
45 47 280
14 48 127
39 49 173
35 50 112
1 51 861
50 52 234
40 53 325
23 54 970
13 55 713
20 56 310
50 57 767
21 58 721
24 59 172
35 60 898
35 61 365
36 62 510
42 63 38
16 64 48
12 65 965
20 66 423
14 67 415
65 68 288
65 69 153
38 70 46
36 71 823
17 72 680
15 73 319
6 74 82
67 75 950
47 76 641
32 77 57
45 78 730
43 79 725
38 80 403
49 81 286
50 82 808
50 83 626
8 84 807
79 85 830
76 86 131
62 87 302
42 88 547
77 89 769
38 90 27
73 91 554
69 92 176
38 93 399
31 94 248
30 95 364
48 96 343
88 97 912
66 98 194
56 99 278
39 100 670
4 30
1 83 58 841
3 54 91
4 77
3 58 2
1 70 77 186
3 89 25
3 80 5
2 29 248
1 63 68 927
1 35 2 896
4 168
1 52 55 286
4 185
4 83
2 80 538
1 30 18 619
2 85 595
2 344 918
1 51 5 133
1 55 91 286
4 54
2 14 458
1 18 13 461
2 139 794
1 18 53 307
3 85 405
1 100 25 403
2 270 134
3 738 108
1 28 92 873
4 677
4 626
4 408
3 426 617
1 18 36 989
3 397 296
4 685
3 520 528
1 92 7 873
3 225 648
1 14 71 275
4 465
3 450 672
2 145 986
1 6 49 893
1 57 33 883
1 77 79 408
4 271
4 218
2 541 200
1 38 53 591
3 957 814
3 683 657
1 62 20 547
3 665 858
3 589 413
2 711 730
3 798 50
3 28 566
3 1078 53
3 899 241
4 667
3 484 412
1 23 13 715
4 129
1 14 84 969
1 6 19 292
2 985 993
4 624
2 86 163
1 43 86 678
2 396 289
2 474 339
4 470
3 413 1118
4 1
4 312
4 443
1 13 76 685
3 1496 656
2 1081 544
2 230 865
2 636 906
4 1118
2 949 755
1 70 57 472
4 52
1 27 96 824
1 48 15 428
2 409 766
4 772
4 1367
2 1065 582
3 503 1087
4 1929
3 1573 120
2 1348 687
4 991
1 59 20 394
