100 100 1
1 2 922
1 3 169
1 4 58
4 5 51
1 6 192
3 7 521
6 8 553
4 9 792
7 10 498
10 11 207
9 12 729
1 13 817
6 14 826
12 15 468
13 16 442
5 17 317
2 18 727
9 19 376
17 20 245
2 21 356
8 22 593
17 23 492
4 24 400
22 25 782
6 26 528
6 27 934
5 28 429
27 29 115
1 30 892
14 31 456
9 32 826
24 33 51
1 34 501
8 35 616
11 36 561
33 37 694
28 38 435
20 39 704
4 40 144
33 41 308
35 42 990
15 43 543
8 44 121
30 45 797
16 46 782
41 47 116
21 48 603
43 49 825
5 50 396
9 51 881
7 52 566
12 53 513
43 54 238
37 55 597
9 56 954
6 57 171
54 58 653
38 59 400
4 60 110
27 61 529
47 62 298
16 63 154
46 64 900
64 65 665
4 66 563
56 67 483
50 68 668
49 69 389
66 70 522
28 71 355
66 72 396
67 73 19
48 74 182
13 75 250
26 76 901
76 77 621
33 78 46
15 79 657
79 80 95
21 81 386
1 82 116
36 83 342
7 84 587
3 85 466
32 86 967
4 87 234
2 88 447
25 89 517
44 90 847
35 91 670
31 92 580
82 93 11
77 94 612
74 95 944
76 96 275
76 97 868
31 98 222
28 99 370
88 100 74
4 86
1 27 54 629
3 70 7
4 1908
3 22 50
1 1813 1802 1381
3 1838 1914
3 3487 3534
2 2442 3047
1 2440 2499 2280
1 2508 2453 3055
4 2359
1 657 734 539
4 700
4 602
2 3548 3702
1 3434 3410 3487
2 3425 4023
2 3556 3450
1 3455 3349 3289
1 3447 3371 3970
4 3242
2 341 157
1 5 74 674
2 196 933
1 9 106 940
3 58 418
1 13222 13283 12905
2 13276 13100
3 13304 13198
1 2838 2918 2423
4 2651
4 194
4 268
3 126 445
1 5928 6014 5411
3 5515 6006
4 14447
3 572 676
1 20802 20805 20883
3 21451 21442
1 12389 12396 12948
4 12702
3 502 628
2 19820 19895
1 19619 19600 19880
1 19632 19634 20148
1 19614 19597 19613
3 19501 20187
2 12255 11306
1 12152 12079 12061
3 11679 11764
3 15194 14544
1 20217 20103 19580
3 20078 19981
3 6320 6152
2 2975 2634
3 2194 2674
3 23112 24450
3 20962 21121
3 18643 19961
4 15549
3 668 412
1 17457 17431 17661
4 17787
1 38 72 245
1 86 63 40
2 377 565
4 756
2 684 217
1 505 504 172
2 238 307
2 480 577
4 328
3 745 214
4 10508
4 16
4 2478
1 2696 2709 2512
3 3713 3777
2 17500 18265
2 17223 17792
2 17389 18139
4 16919
2 345 743
1 6 5 684
4 568
1 99 100 292
1 60 19 392
2 905 530
4 536
4 877
2 1837 42
3 1943 1487
4 35579
3 1329 1464
2 29152 28907
4 29275
1 1627 1652 1202
1 1621 1636 1535
