100 100 1
1 2 784
1 3 167
3 4 352
2 5 369
2 6 918
5 7 615
4 8 303
2 9 862
5 10 880
4 11 45
11 12 527
11 13 431
10 14 192
6 15 506
8 16 712
3 17 915
12 18 397
5 19 862
19 20 467
12 21 18
10 22 479
19 23 490
2 24 830
4 25 988
20 26 46
16 27 580
11 28 363
9 29 97
20 30 66
22 31 654
21 32 544
22 33 769
23 34 307
18 35 326
25 36 879
11 37 92
17 38 33
34 39 510
30 40 30
39 41 674
28 42 84
13 43 901
13 44 119
24 45 683
16 46 532
5 47 450
39 48 457
25 49 487
37 50 10
43 51 983
24 52 852
14 53 47
18 54 188
53 55 19
44 56 744
52 57 249
44 58 235
56 59 566
12 60 892
37 61 903
7 62 512
20 63 184
30 64 330
62 65 583
18 66 433
42 67 625
20 68 410
19 69 827
38 70 48
36 71 433
60 72 130
65 73 425
9 74 900
25 75 672
24 76 611
14 77 571
44 78 836
1 79 703
74 80 309
19 81 528
16 82 122
8 83 164
35 84 561
37 85 64
12 86 85
32 87 888
60 88 301
15 89 827
23 90 141
1 91 228
24 92 194
60 93 97
5 94 890
48 95 246
71 96 785
10 97 498
7 98 132
98 99 768
40 100 208
2 15 656
1 96 91 761
4 133
2 169 695
4 32
3 596 1003
4 5613
3 3491 3265
2 6866 6645
2 6805 6293
1 7136 7139 6989
1 7158 7124 7152
2 6716 6309
1 7166 7088 6561
2 7058 7167
4 6956
3 1163 1367
1 2475 2542 2668
4 2519
2 1647 1193
3 1421 1161
1 12969 13024 13142
4 13080
4 2505
3 756 711
3 10776 11232
1 12003 12000 11795
1 11993 11971 11471
3 11966 11335
1 7004 6940 6780
1 6992 6946 6851
2 6923 6330
2 6934 6527
4 6242
2 532 313
3 563 720
2 33304 33026
3 33695 32799
3 17119 16660
2 18301 17600
1 17888 17870 17552
2 16751 18232
1 17918 17889 17792
1 17895 17857 17691
4 17696
3 780 875
3 23088 23244
3 34409 33743
3 31071 32020
2 19461 18774
4 19063
2 1233 1673
4 81
1 17 95 552
1 89 71 679
4 26
1 65 15 92
1 7 55 1000
4 793
1 68 44 353
2 93 580
4 1219
1 7672 7578 7387
1 7660 7663 7767
3 6264 8122
1 28481 28496 28056
4 27813
3 1471 1032
1 67819 67793 68450
3 69375 68599
4 20953
4 639
1 1285 1385 1389
3 359 889
1 42645 42731 42337
1 42646 42721 42067
3 42575 42695
2 4150 5684
3 5735 4722
1 37873 37853 37711
2 37463 37788
3 38071 36959
4 31354
2 1392 768
1 15 79 324
3 1114 1494
2 20579 20877
2 21681 21272
2 21452 20755
4 22262
3 918 694
2 10858 11843
4 9225
1 592 612 291
3 436 238
2 18205 17208
2 17673 17350
3 17217 17234
4 16382
3 1113 1010
