100 100 1
1 2 572
1 3 411
1 4 76
2 5 445
1 6 234
1 7 739
2 8 339
6 9 50
1 10 788
8 11 537
7 12 387
7 13 755
2 14 668
10 15 6
13 16 28
15 17 55
3 18 345
5 19 474
2 20 791
16 21 486
6 22 883
11 23 470
17 24 818
24 25 152
18 26 650
14 27 352
24 28 847
17 29 373
9 30 494
14 31 754
21 32 692
2 33 741
18 34 71
8 35 354
20 36 715
11 37 392
18 38 485
34 39 2
33 40 970
3 41 766
35 42 968
25 43 721
29 44 955
8 45 335
37 46 472
23 47 734
11 48 205
5 49 603
31 50 54
21 51 379
16 52 520
34 53 627
12 54 376
1 55 655
37 56 868
48 57 365
11 58 719
12 59 666
11 60 704
45 61 315
5 62 724
48 63 300
32 64 262
10 65 531
34 66 333
2 67 397
18 68 30
43 69 263
10 70 380
26 71 149
51 72 534
21 73 973
40 74 568
27 75 604
53 76 351
26 77 7
38 78 752
1 79 771
33 80 545
15 81 660
81 82 814
66 83 536
17 84 133
73 85 620
56 86 793
48 87 308
44 88 537
67 89 559
17 90 321
25 91 112
17 92 790
52 93 485
25 94 198
58 95 666
85 96 813
86 97 542
11 98 336
62 99 132
87 100 804
2 55 252
1 16 3 141
4 9
2 499 725
4 506
3 739 960
4 5228
3 6383 6253
2 4189 4446
2 4174 4534
1 4171 4140 4926
1 4217 4143 4563
2 4375 4822
1 4221 4203 4682
2 4521 4396
4 4219
3 616 40
1 7703 7742 7660
4 8111
2 49 839
3 259 95
1 6786 6799 6409
4 6743
4 496
3 216 395
3 9200 8872
1 10835 10840 10375
1 10789 10831 10867
3 10458 11059
1 7398 7386 7646
1 7342 7340 8001
2 7337 7472
2 7800 7469
4 7856
2 496 429
3 279 28
2 3593 3423
3 3714 3298
3 8902 8989
2 1528 1789
1 1609 1579 1773
2 662 1069
1 1623 1552 1765
1 1582 1612 1078
4 1893
3 368 143
3 6776 7140
3 25921 26055
3 15930 14377
2 26251 24920
4 25445
2 1491 303
4 1167
1 514 624 331
1 634 620 276
4 905
1 45 15 872
1 91 63 532
4 229
1 1484 1416 1145
2 1853 1236
4 939
1 77 91 746
1 85 50 990
3 441 679
1 3370 3423 4043
4 3210
3 1027 1544
1 36306 36328 35927
3 35250 35094
4 19040
4 1371
1 44 24 928
3 766 244
1 9044 8982 8596
1 9083 9044 8854
3 8458 8466
2 11409 12183
3 12244 10857
1 30866 30954 30764
2 32484 30871
3 31468 31384
4 12228
2 28 436
1 51 39 480
3 1926 498
2 14013 12603
2 13559 13254
2 12642 12333
4 12808
3 762 18
2 6999 7318
4 7260
1 7800 7804 7563
3 6932 7886
2 24882 26591
2 25742 26409
3 25398 25677
4 33337
3 310 2101
