100 100 1
1 2 806
1 3 181
1 4 758
4 5 567
3 6 836
5 7 997
2 8 749
8 9 980
4 10 406
6 11 379
1 12 453
5 13 909
11 14 398
14 15 616
3 16 662
1 17 337
10 18 675
5 19 340
8 20 353
14 21 32
12 22 229
21 23 800
5 24 972
2 25 922
21 26 460
6 27 802
1 28 105
27 29 623
11 30 320
14 31 596
7 32 998
4 33 887
30 34 593
6 35 412
14 36 397
25 37 346
19 38 23
38 39 964
18 40 316
29 41 304
1 42 874
33 43 363
24 44 309
14 45 449
14 46 162
45 47 280
14 48 127
39 49 173
35 50 112
1 51 861
50 52 234
40 53 325
23 54 970
13 55 713
20 56 310
50 57 767
21 58 721
24 59 172
35 60 898
35 61 365
36 62 510
42 63 38
16 64 48
12 65 965
20 66 423
14 67 415
65 68 288
65 69 153
38 70 46
36 71 823
17 72 680
15 73 319
6 74 82
67 75 950
47 76 641
32 77 57
45 78 730
43 79 725
38 80 403
49 81 286
50 82 808
50 83 626
8 84 807
79 85 830
76 86 131
62 87 302
42 88 547
77 89 769
38 90 27
73 91 554
69 92 176
38 93 399
31 94 248
30 95 364
48 96 343
88 97 912
66 98 194
56 99 278
39 100 670
4 30
1 1006 903 244
3 907 998
4 3222
3 827 771
1 3423 3412 3491
3 3392 3328
3 5794 5879
2 739 518
1 705 698 353
1 733 764 382
4 598
1 52 55 286
4 185
4 83
2 80 538
1 30 18 619
2 85 595
2 344 918
1 51 5 133
1 55 91 286
4 54
2 14 458
1 18 13 461
2 139 794
1 18 53 307
3 85 405
1 7926 7819 7937
2 8092 7700
3 7280 7934
1 16062 16126 15819
4 15367
4 371
4 408
3 3259 3960
1 24766 24712 25457
3 24865 24964
4 15188
3 520 528
1 2817 2906 2100
3 3004 2517
1 20727 20670 20970
4 20776
3 1994 1192
2 24802 25513
1 24693 24642 25358
1 24650 24658 25344
1 24638 24636 25067
4 24956
4 218
2 156 585
1 679 692 206
3 316 431
3 45888 45946
1 2180 2222 2713
3 2595 3040
3 26668 27644
2 22150 22171
3 22367 21619
3 10988 10438
3 4582 5605
3 34226 34496
4 18468
3 594 554
1 4617 4627 4309
4 4767
1 318 356 761
1 310 291 20
2 745 721
4 832
2 439 322
1 458 439 839
2 109 192
2 59 178
4 55
3 413 1118
4 47514
4 1467607
4 4074
1 1566 1631 1214
3 971 1155
2 51559 53118
2 52664 52799
2 53026 52948
4 51456
2 2608 2934
1 2499 2492 2141
4 2481
1 27 96 824
1 48 15 428
2 409 766
4 772
4 1367
2 1951 496
3 577 1929
4 39648
3 1813 328
2 69948 71383
4 71591
1 59 20 394
