100 100 0
1 2 867
2 3 194
3 4 723
1 5 964
1 6 793
6 7 130
5 8 922
5 9 409
4 10 811
7 11 816
5 12 986
6 13 570
13 14 795
7 15 845
9 16 171
6 17 62
6 18 288
10 19 241
9 20 294
15 21 989
10 22 714
18 23 805
11 24 697
15 25 103
11 26 65
9 27 607
18 28 814
12 29 452
25 30 573
9 31 577
27 32 267
25 33 148
16 34 542
19 35 153
24 36 282
6 37 607
31 38 940
23 39 409
19 40 569
26 41 789
19 42 7
6 43 336
10 44 218
15 45 70
20 46 615
4 47 917
24 48 596
12 49 434
37 50 13
20 51 162
47 52 711
49 53 10
43 54 575
18 55 326
44 56 91
23 57 4
29 58 190
15 59 937
50 60 919
36 61 290
1 62 491
3 63 467
47 64 45
33 65 306
55 66 660
49 67 604
3 68 293
38 69 814
38 70 203
49 71 924
24 72 701
12 73 244
52 74 855
66 75 43
50 76 862
1 77 406
66 78 719
6 79 362
68 80 600
38 81 507
50 82 245
21 83 815
81 84 692
52 85 635
60 86 816
29 87 155
32 88 96
74 89 446
23 90 480
24 91 399
60 92 61
75 93 636
57 94 349
37 95 329
90 96 300
13 97 693
39 98 391
17 99 355
8 100 539
1 39 74 408
3 22 76
3 96 61
2 11 196
3 158 151
2 164 391
2 176 42
1 54 19 165
2 40 122
1 72 90 696
3 189 401
1 62 1 664
3 317 426
1 16 67 599
1 14 59 947
4 39
4 130
3 107 321
2 410 472
2 168 230
4 551
1 19 39 759
3 558 443
2 139 82
3 288 618
3 570 232
4 590
2 773 942
2 851 152
3 191 244
3 921 414
1 77 82 649
2 415 941
1 53 56 247
2 1007 534
1 78 44 754
1 17 90 436
1 5 74 665
4 974
4 982
1 34 63 696
4 1065
2 951 884
1 63 3 302
2 234 927
2 662 794
2 846 552
2 901 156
1 48 89 543
3 1397 38
2 62 735
4 1252
2 1732 803
4 1890
2 509 619
4 120
2 476 903
2 1703 106
3 1980 1460
3 1247 1220
1 91 92 591
2 1160 712
2 1488 113
4 449
1 94 44 506
4 85
2 2239 810
1 66 34 87
4 485
3 538 98
1 53 39 816
3 1554 828
3 2327 1971
2 1319 245
4 239
1 15 76 958
3 109 446
1 85 37 396
2 1333 870
2 2077 504
1 87 57 242
3 798 2315
3 735 2165
1 51 55 240
2 1263 826
2 2385 829
1 90 44 149
1 74 49 188
1 39 91 418
1 77 9 140
3 1275 662
4 1340
4 917
2 1186 560
1 95 20 809
1 48 54 248
1 79 22 2
1 44 86 269
4 496
3 1609 2677
