100 100 0
1 2 784
1 3 167
3 4 352
2 5 369
2 6 918
5 7 615
4 8 303
2 9 862
5 10 880
4 11 45
11 12 527
11 13 431
10 14 192
6 15 506
8 16 712
3 17 915
12 18 397
5 19 862
19 20 467
12 21 18
10 22 479
19 23 490
2 24 830
4 25 988
20 26 46
16 27 580
11 28 363
9 29 97
20 30 66
22 31 654
21 32 544
22 33 769
23 34 307
18 35 326
25 36 879
11 37 92
17 38 33
34 39 510
30 40 30
39 41 674
28 42 84
13 43 901
13 44 119
24 45 683
16 46 532
5 47 450
39 48 457
25 49 487
37 50 10
43 51 983
24 52 852
14 53 47
18 54 188
53 55 19
44 56 744
52 57 249
44 58 235
56 59 566
12 60 892
37 61 903
7 62 512
20 63 184
30 64 330
62 65 583
18 66 433
42 67 625
20 68 410
19 69 827
38 70 48
36 71 433
60 72 130
65 73 425
9 74 900
25 75 672
24 76 611
14 77 571
44 78 836
1 79 703
74 80 309
19 81 528
16 82 122
8 83 164
35 84 561
37 85 64
12 86 85
32 87 888
60 88 301
15 89 827
23 90 141
1 91 228
24 92 194
60 93 97
5 94 890
48 95 246
71 96 785
10 97 498
7 98 132
98 99 768
40 100 208
2 15 656
1 96 91 761
4 133
2 169 695
4 32
3 300 147
4 25
3 283 121
2 288 519
2 359 871
1 18 17 191
1 4 38 2
2 462 855
1 12 66 595
2 96 13
4 222
3 260 216
1 4 65 963
4 120
2 661 83
3 375 115
1 13 68 498
4 444
4 132
3 396 447
3 788 748
1 15 12 255
1 53 47 547
3 82 683
1 68 4 356
1 72 58 475
2 19 930
2 14 615
4 890
2 532 313
3 563 720
2 653 407
3 778 138
3 193 778
2 670 291
1 3 45 371
2 1164 731
1 29 2 99
1 4 34 248
4 195
3 780 875
3 759 523
3 325 1251
3 129 1226
2 1346 17
4 816
2 3 603
4 1155
1 17 95 552
1 89 71 679
4 26
1 65 15 92
1 7 55 1000
4 793
1 68 44 353
2 93 580
4 1219
1 53 87 278
1 33 34 922
3 1461 631
1 46 63 759
4 970
3 1471 1032
1 90 96 979
3 1614 838
4 1629
4 639
1 100 8 12
3 1030 1560
1 68 58 944
1 71 48 642
3 158 22
2 1043 529
3 578 1623
1 34 14 156
2 388 79
3 1892 908
4 1282
2 1392 768
1 15 79 324
3 1114 1494
2 929 591
2 1907 218
2 14 721
4 1332
3 238 462
2 1752 753
4 2235
1 97 85 786
3 901 735
2 2025 972
2 1533 818
3 949 934
4 215
3 1890 201
