500 1000 100 399
1 2 1
2 3 1
1 4 1
3 5 0
4 6 0
3 7 1
1 8 1
1 9 0
4 10 0
6 11 0
9 12 0
11 13 0
5 14 0
14 15 0
14 16 1
5 17 1
6 18 0
1 19 0
6 20 0
2 21 0
17 22 1
9 23 0
11 24 0
19 25 1
2 26 0
9 27 0
26 28 0
16 29 0
4 30 1
6 31 0
22 32 0
5 33 0
30 34 1
5 35 0
31 36 1
34 37 1
32 38 1
11 39 0
2 40 0
11 41 0
23 42 1
1 43 0
20 44 0
5 45 0
32 46 1
45 47 0
3 48 0
23 49 0
3 50 0
12 51 1
30 52 0
42 53 0
17 54 0
26 55 0
54 56 0
17 57 0
46 58 1
13 59 0
29 60 0
34 61 1
39 62 0
14 63 0
18 64 0
3 65 0
29 66 0
20 67 0
58 68 0
22 69 0
26 70 0
22 71 0
62 72 0
30 73 1
4 74 0
50 75 0
53 76 1
51 77 0
5 78 0
58 79 0
5 80 0
34 81 0
63 82 0
26 83 0
51 84 1
35 85 1
21 86 1
18 87 1
41 88 1
49 89 1
37 90 0
64 91 0
58 92 1
17 93 1
44 94 0
30 95 0
53 96 0
11 97 0
93 98 0
55 99 0
71 100 1
47 101 1
12 102 0
9 103 1
47 104 0
34 105 0
96 106 1
52 107 1
85 108 1
15 109 0
52 110 0
18 111 0
90 112 0
7 113 0
6 114 0
33 115 1
44 116 0
73 117 0
66 118 0
108 119 1
113 120 0
58 121 1
34 122 0
103 123 0
40 124 0
89 125 1
24 126 0
80 127 0
40 128 0
28 129 1
115 130 0
2 131 0
127 132 0
22 133 0
20 134 0
113 135 0
73 136 0
24 137 1
95 138 0
69 139 0
95 140 0
80 141 0
6 142 0
112 143 0
106 144 0
4 145 0
90 146 0
105 147 1
125 148 0
144 149 0
86 150 1
118 151 1
2 152 0
68 153 1
147 154 1
16 155 1
31 156 1
59 157 0
144 158 0
50 159 0
93 160 1
23 161 0
61 162 0
73 163 1
109 164 0
26 165 0
137 166 0
86 167 1
103 168 0
166 169 1
89 170 0
133 171 0
55 172 0
119 173 0
120 174 1
144 175 1
172 176 0
123 177 0
57 178 0
103 179 1
123 180 1
117 181 1
173 182 0
148 183 0
175 184 0
167 185 1
50 186 1
159 187 0
180 188 1
90 189 1
5 190 0
83 191 0
99 192 0
26 193 0
88 194 0
176 195 0
84 196 1
76 197 0
44 198 0
131 199 1
133 200 0
126 201 1
81 202 0
35 203 1
55 204 1
162 205 0
57 206 0
114 207 1
49 208 0
108 209 0
207 210 0
130 211 0
44 212 0
43 213 0
198 214 0
7 215 0
106 216 0
196 217 1
129 218 0
162 219 0
15 220 0
22 221 0
196 222 0
52 223 1
109 224 0
167 225 0
194 226 0
61 227 1
217 228 1
190 229 0
124 230 0
95 231 1
40 232 0
191 233 0
83 234 0
118 235 0
64 236 0
3 237 0
117 238 0
113 239 0
160 240 0
197 241 0
17 242 0
190 243 1
11 244 1
194 245 1
155 246 0
202 247 1
40 248 1
81 249 0
107 250 0
61 251 0
34 252 0
124 253 1
58 254 0
183 255 0
7 256 0
189 257 0
105 258 0
152 259 1
213 260 0
110 261 0
181 262 0
26 263 1
33 264 1
218 265 0
31 266 0
50 267 0
49 268 1
213 269 1
37 270 0
225 271 0
69 272 1
248 273 0
203 274 1
22 275 0
182 276 0
126 277 0
230 278 1
187 279 0
250 280 0
16 281 0
268 282 0
254 283 0
143 284 0
207 285 0
63 286 0
106 287 0
84 288 0
61 289 0
24 290 0
172 291 0
107 292 1
115 293 0
261 294 0
110 295 0
251 296 0
133 297 1
152 298 0
279 299 1
259 300 0
140 301 0
71 302 0
151 303 0
284 304 0
196 305 1
41 306 1
258 307 1
15 308 0
284 309 0
253 310 1
292 311 0
294 312 1
121 313 0
291 314 1
120 315 1
281 316 0
303 317 1
97 318 0
275 319 0
84 320 0
197 321 0
70 322 0
290 323 0
165 324 1
181 325 0
254 326 1
247 327 0
86 328 1
138 329 0
294 330 1
168 331 1
223 332 0
281 333 0
27 334 0
94 335 0
148 336 0
265 337 0
218 338 0
300 339 0
144 340 0
235 341 1
327 342 1
8 343 0
88 344 0
114 345 0
155 346 0
219 347 0
322 348 1
284 349 1
134 350 0
236 351 1
192 352 0
183 353 0
227 354 0
92 355 1
41 356 0
297 357 1
59 358 1
192 359 0
285 360 0
17 361 0
97 362 0
240 363 1
231 364 1
275 365 0
207 366 0
322 367 0
312 368 1
104 369 0
368 370 1
31 371 1
346 372 0
335 373 1
208 374 0
265 375 1
347 376 0
173 377 1
68 378 0
330 379 0
31 380 0
26 381 0
224 382 0
279 383 0
352 384 0
242 385 0
120 386 0
56 387 0
36 388 0
30 389 0
76 390 1
180 391 1
175 392 1
304 393 0
149 394 1
121 395 0
260 396 0
310 397 1
305 398 0
377 399 0
301 400 0
239 401 0
254 402 0
382 403 1
60 404 1
324 405 0
272 406 0
278 407 1
348 408 0
225 409 1
318 410 0
296 411 0
20 412 0
158 413 0
2 414 0
9 415 0
294 416 1
151 417 0
257 418 0
187 419 0
283 420 0
124 421 0
295 422 1
259 423 1
93 424 0
145 425 0
127 426 1
99 427 0
218 428 0
294 429 0
295 430 0
248 431 0
187 432 0
336 433 0
33 434 0
286 435 1
433 436 0
351 437 0
414 438 0
376 439 0
383 440 1
23 441 0
197 442 1
27 443 0
77 444 1
7 445 0
335 446 1
126 447 0
118 448 0
68 449 0
113 450 1
19 451 1
432 452 0
335 453 1
20 454 1
292 455 1
342 456 0
411 457 0
42 458 0
439 459 0
62 460 1
452 461 1
240 462 0
153 463 1
370 464 1
107 465 1
439 466 0
401 467 0
236 468 1
331 469 0
131 470 1
385 471 0
203 472 0
261 473 1
441 474 0
207 475 0
300 476 1
317 477 0
368 478 0
272 479 0
115 480 0
27 481 0
37 482 0
217 483 0
420 484 0
35 485 1
12 486 0
222 487 0
451 488 1
462 489 0
397 490 1
372 491 1
149 492 0
111 493 1
354 494 1
28 495 1
143 496 0
238 497 0
65 498 0
407 499 0
18 500 0
265 37 36 27345
282 11 46 31717
13 9 31 2828
210 31 31 31944
159 25 48 210
196 7 44 18190
21 35 39 191
67 67 16 504
47 47 45 5971
423 50 22 25572
34 22 66 23408
322 32 20 11483
396 13 48 12512
184 25 53 12549
230 3 45 6861
204 51 31 29487
348 18 79 7751
16 89 6 20300
5 53 1 13506
305 8 13 13552
348 44 7 20117
280 64 4 29143
376 59 3 25980
54 23 47 3164
240 43 20 7958
345 1 96 11779
236 32 25 32616
241 28 45 7664
258 12 72 11097
328 42 46 19309
254 14 43 15156
146 5 85 26728
299 64 16 7465
314 13 66 5106
240 2 86 1996
371 18 23 5313
72 2 7 31892
292 34 43 9135
165 6 80 23133
396 59 17 17977
337 52 25 32743
447 54 44 14593
300 14 21 32340
251 73 17 27213
432 1 64 23470
23 55 23 1157
109 76 2 25951
304 65 24 2233
402 1 29 4791
387 63 9 31001
474 65 15 30570
360 22 7 4986
59 21 41 17935
191 18 74 7128
126 39 38 25250
25 3 41 14030
313 40 34 1283
399 92 1 21536
480 47 7 27509
264 41 25 10546
105 53 22 7455
386 22 59 15246
224 16 21 15503
301 44 14 31586
359 3 29 27186
99 18 24 28160
115 26 50 14045
145 30 42 26716
225 62 16 9799
53 9 39 22929
146 53 8 16780
490 32 39 9564
64 8 14 14764
491 13 44 3743
107 43 29 6665
308 11 85 12768
349 66 16 2797
220 64 19 4039
178 30 42 9218
109 64 9 10148
224 11 7 20184
431 91 4 8679
224 19 57 14691
177 14 67 2726
103 11 82 22651
302 46 45 7194
498 58 36 31322
258 20 34 6434
66 17 65 26912
126 78 14 14270
165 39 6 7506
28 22 68 7061
388 91 0 87
373 33 36 24689
399 24 21 16122
388 15 62 13502
396 19 20 11243
478 50 15 1038
440 84 3 12862
24 27 47 12695
71 59 35 22507
51 69 26 25267
301 94 5 20556
341 28 64 22880
180 11 8 7842
397 30 39 24254
255 52 20 18575
451 3 32 15763
294 44 29 6301
113 3 80 19658
199 17 8 28854
343 35 51 2544
427 83 2 11435
220 28 32 17334
323 72 3 5294
443 37 27 21618
164 14 4 24535
455 35 52 27805
59 20 32 18082
207 7 42 27990
149 8 76 9583
171 6 94 21214
92 32 35 12033
257 13 53 12058
24 32 13 12032
92 8 76 13332
311 14 80 23671
133 68 25 20090
289 20 61 15446
289 11 66 20510
245 77 18 5105
500 4 29 10868
259 2 48 27519
394 5 27 14615
392 7 43 8349
172 28 12 7236
333 46 14 2249
3 58 5 9054
8 68 30 9191
438 59 35 18280
185 71 7 24254
79 21 71 13710
10 61 13 25980
498 33 50 27037
231 42 6 1582
398 1 95 22662
35 45 28 9033
185 39 57 10975
389 18 64 13860
24 12 47 1889
72 34 58 24956
401 31 10 28011
208 25 74 5102
104 4 95 8062
23 38 13 14976
175 64 36 7615
465 10 66 793
189 31 50 12409
260 3 92 12037
294 15 85 664
224 66 5 30066
409 43 23 19502
100 14 61 30197
298 88 2 3314
471 43 25 15109
190 26 68 22204
488 20 0 19583
209 38 7 10250
439 62 3 21025
223 56 1 22142
433 32 5 17935
494 16 27 2398
204 36 44 14161
458 23 35 17427
373 7 53 7250
30 33 9 171
284 29 70 13666
305 32 55 23127
196 9 32 32565
93 37 19 18413
232 10 73 13667
83 33 32 26214
107 90 3 25830
29 22 74 21345
465 60 5 3743
34 63 30 6047
259 0 72 22993
41 18 23 8582
359 17 77 22180
271 31 23 20382
314 9 54 20643
329 52 18 2838
116 16 19 12607
179 21 10 29248
267 43 15 29258
408 26 23 4880
89 36 21 8316
47 37 59 13729
353 32 65 28146
175 38 27 14001
414 25 33 21674
92 1 14 29216
332 1 6 18696
344 25 60 15733
1 44 7 31828
127 38 25 29273
357 63 32 12089
431 16 74 2330
3 16 20 5191
280 8 34 17193
70 21 78 17011
426 12 15 26012
72 32 23 14226
274 40 58 941
194 31 27 27361
81 31 40 22841
30 1 23 28544
337 11 8 13633
368 45 2 9971
313 19 38 29805
354 31 5 928
410 8 77 2948
468 50 48 23379
228 28 66 8694
381 80 5 18876
473 2 58 15442
48 63 12 8944
19 39 3 30416
331 0 96 30180
73 5 47 20424
287 56 29 7926
62 12 59 569
174 1 2 27236
21 55 31 28739
468 85 4 18130
478 70 20 7597
258 75 23 1992
156 51 21 14944
227 6 48 14385
193 19 24 15594
302 46 51 31966
469 78 3 3324
457 3 37 1793
407 39 50 15852
361 57 41 5810
171 14 31 22836
135 37 30 3438
50 22 19 14577
357 29 43 4243
353 62 14 29285
115 8 49 15333
482 23 76 20597
402 44 43 25612
249 52 11 24108
60 11 31 26900
217 46 30 310
434 9 58 6379
365 31 26 9318
241 86 0 8678
159 40 26 29232
78 40 14 5437
376 40 37 7984
90 48 9 31115
362 63 3 17569
171 36 51 27983
352 6 24 19175
141 29 21 22893
354 3 7 25606
125 41 52 13229
190 46 54 5672
49 24 34 20794
40 46 4 22043
98 87 9 18725
443 96 2 12752
157 11 43 26336
262 8 38 2781
247 3 33 11460
148 23 67 24828
193 19 79 26251
160 37 52 11402
92 21 39 19414
190 24 8 18697
298 35 11 12969
4 74 3 28575
151 14 61 20970
362 15 17 16788
121 62 11 5093
287 34 64 25304
461 25 40 30923
497 31 35 9338
380 52 0 2350
52 17 66 16178
15 47 27 22663
296 3 57 7640
63 78 11 6064
30 1 94 14315
17 57 41 14187
156 55 3 31756
418 71 28 6873
230 12 1 19072
285 24 50 23043
301 3 24 32689
89 0 67 5205
196 47 20 3757
75 12 36 21277
310 22 7 11173
202 5 6 31761
482 39 49 1647
414 14 32 21446
47 22 7 5381
203 17 80 4154
404 41 2 28164
421 25 3 31563
456 26 60 13102
486 21 70 9533
139 47 20 3049
17 31 10 10040
124 49 45 12222
415 83 1 30152
393 23 3 218
377 19 12 17244
210 39 5 13968
263 5 28 29383
154 20 76 6101
56 54 40 6594
209 18 13 17858
236 41 4 4967
60 57 21 5654
432 56 32 8888
344 55 14 32177
333 48 25 9494
64 24 58 2842
421 34 29 21706
366 39 55 28923
413 8 16 7040
385 16 40 8352
382 18 57 29895
446 38 24 29819
392 20 74 24722
22 3 91 27298
241 38 27 26042
242 86 13 28495
431 24 65 9337
236 44 16 14176
258 16 60 30960
491 10 78 10965
175 3 84 11683
111 5 53 24404
184 32 34 15864
143 71 11 8872
278 56 10 10428
297 0 36 5438
61 5 78 21150
113 4 62 21670
192 4 11 30897
458 66 34 13848
118 21 20 13038
455 46 36 4333
410 19 70 1711
443 29 53 6434
296 51 6 2358
222 21 23 18904
149 7 90 4644
346 9 31 24534
415 17 82 32258
223 31 43 25606
54 22 77 188
367 54 27 17908
201 17 35 2081
191 9 14 1618
259 13 18 11876
144 49 35 29046
450 57 31 15518
75 47 14 27098
176 45 11 15690
381 12 44 17052
21 51 25 7879
440 20 42 10748
202 16 27 26073
144 77 13 9185
69 70 26 28713
258 88 10 5203
474 2 26 18112
453 66 16 23042
235 38 2 144
44 4 75 30910
465 28 66 13548
454 47 4 21501
118 86 12 32267
142 63 25 31064
117 0 5 2952
135 32 0 31502
61 28 34 17637
432 25 6 23168
202 14 24 31747
301 16 32 691
217 61 9 12203
249 100 0 21202
313 56 39 24073
330 7 69 14505
449 31 43 26412
153 2 11 23338
103 55 31 32648
71 46 38 21740
420 60 37 12915
152 4 33 32423
237 64 25 29867
368 66 24 18873
124 48 38 18127
373 12 80 10916
97 32 58 26593
462 7 3 5006
318 59 20 6090
79 6 83 32448
303 46 33 27094
123 81 17 2343
278 18 13 10036
112 35 31 7382
348 42 48 16760
99 49 14 11138
238 60 35 21784
146 64 12 30981
157 53 5 15346
128 8 43 30172
107 73 22 12229
48 1 94 10665
256 14 81 31923
422 66 30 11697
209 40 48 17350
284 37 5 14174
488 54 45 19815
302 21 42 12991
42 7 30 27624
172 7 76 27907
224 56 19 28156
259 14 10 20226
335 56 28 8506
83 6 59 10164
148 39 21 25758
383 0 48 1719
485 28 43 19207
399 61 17 9934
393 26 72 19898
325 28 58 26716
116 6 88 3805
481 90 10 23533
65 93 7 11261
493 16 19 23726
142 41 52 8329
194 26 68 15088
139 73 22 14420
153 26 31 30377
359 61 27 4631
39 43 36 2547
330 48 1 12781
414 7 81 17291
386 66 22 9174
445 62 12 12627
110 37 60 11828
431 63 10 6864
110 10 3 5201
437 38 11 2988
345 14 44 26839
472 18 68 28214
128 79 6 28758
391 24 27 13789
154 18 55 5057
467 13 43 6585
111 44 11 25329
474 13 35 24322
208 44 37 10017
419 29 11 13206
18 41 15 1393
126 65 30 6264
391 22 51 12643
421 35 62 23628
379 93 1 12129
36 33 55 9692
292 73 4 10037
93 54 41 3733
206 2 58 18063
128 9 31 19723
408 55 7 13186
72 97 2 28529
434 3 78 3847
197 84 9 9761
168 24 60 1913
448 53 27 7706
46 4 87 31512
230 32 20 27517
66 42 32 10886
322 4 43 1040
31 17 17 31565
314 7 72 18875
450 30 7 19031
98 38 4 9486
160 51 32 20084
384 12 88 12216
193 53 44 2776
421 51 30 28433
396 52 31 20890
167 82 14 7825
216 75 2 22070
201 52 10 2647
408 75 9 20491
430 76 4 31139
121 76 14 11486
10 46 21 10588
23 24 18 21333
387 88 12 22155
284 9 64 30077
110 18 0 22750
156 0 20 29509
24 10 7 19750
418 20 69 19713
349 4 51 20441
377 65 32 9704
460 22 52 18321
472 21 63 22166
492 92 2 16267
3 23 19 3979
13 30 33 21033
155 15 11 2985
49 30 3 9073
426 42 13 21178
24 77 20 27531
336 15 53 3048
137 24 76 4423
16 17 67 24643
26 36 51 21652
373 66 8 27967
76 67 30 2314
142 14 37 18227
36 2 55 24673
206 19 81 3035
487 16 15 17656
304 7 12 1239
383 12 32 17487
384 16 79 23081
316 44 20 2445
464 22 43 21691
108 0 52 26620
73 25 75 12503
303 71 25 30087
175 27 18 173
488 8 62 13635
236 33 54 7889
206 23 36 20963
105 62 31 12474
204 17 46 26690
272 14 3 14660
1 14 3 25053
441 73 6 15151
365 31 55 24406
177 6 15 27549
106 73 21 13042
209 21 48 29848
407 83 7 27420
304 11 72 18314
349 4 77 27872
149 47 30 32707
157 21 47 7793
262 38 16 21751
191 60 24 8612
264 9 58 7613
423 19 19 7794
209 25 55 25105
466 9 35 7546
388 9 88 32211
129 4 28 29309
248 5 50 21318
63 11 5 14048
386 6 52 3474
74 41 44 21549
226 67 16 29506
130 38 29 7826
411 20 19 18630
129 28 39 32608
128 62 11 17138
136 27 20 12173
267 56 26 2429
269 15 76 563
369 21 20 18819
467 11 76 16144
7 81 10 22532
429 20 23 3332
431 2 3 25699
483 70 29 27797
298 15 77 15079
340 1 60 17006
152 33 67 5949
422 63 5 29147
475 47 12 1781
385 14 5 1871
124 13 66 23552
492 12 76 29407
144 28 30 12089
202 4 32 21189
292 57 10 29401
399 38 34 19933
310 0 98 5377
472 43 40 32299
210 50 48 12851
243 34 12 27475
437 2 69 22489
125 17 55 5407
9 3 81 22205
349 93 5 3581
279 22 11 9616
56 67 11 9599
160 58 13 21348
363 32 9 8921
45 10 21 2609
31 43 14 3942
63 49 30 8531
114 19 38 4387
387 19 74 16394
47 5 31 21811
451 44 35 4089
138 33 14 2649
108 30 61 32679
429 18 76 27521
146 34 1 5378
384 30 41 23095
142 2 2 20439
86 4 1 2350
27 0 1 7259
202 76 14 14011
233 33 16 21925
215 4 49 30552
221 27 69 22577
8 46 21 4130
252 57 6 9311
325 15 71 24922
104 13 74 4338
80 7 47 24807
33 5 92 3474
136 0 22 9427
489 47 30 30026
418 12 64 32202
465 5 82 28938
339 18 30 8606
366 7 18 27174
111 63 19 26054
356 43 12 3286
62 40 4 2522
386 4 94 23220
165 51 33 4632
496 21 5 19777
325 24 42 12770
268 35 64 2144
329 56 42 17982
54 27 20 7385
247 33 62 24661
120 43 51 23255
191 26 8 24564
67 2 8 13418
332 17 21 7694
235 13 40 12294
312 25 16 10040
447 19 14 27394
300 47 14 1580
331 8 12 11291
18 17 80 7751
132 66 27 1519
258 20 18 5643
195 0 35 2434
298 41 55 20893
358 46 45 2235
181 24 73 32071
198 22 78 26856
327 16 20 10231
384 24 9 1334
391 40 47 28095
44 40 54 8506
373 0 100 12883
117 18 42 27500
238 22 67 27534
138 73 27 4006
382 27 58 31726
250 9 46 22953
373 8 60 7443
450 8 70 26520
13 6 71 23108
54 68 8 27771
438 25 57 6890
71 6 67 701
67 15 30 15634
200 57 43 3758
499 21 51 16367
316 51 12 12546
280 45 37 32342
434 17 79 18769
103 16 79 31041
117 7 49 2197
422 26 59 12877
364 46 40 5039
380 7 93 5692
284 30 53 13794
389 26 49 30579
328 26 43 9046
403 1 34 6269
168 29 24 19350
302 34 10 18054
183 12 43 15379
17 20 80 992
228 14 66 4767
371 54 25 17026
10 34 5 32754
435 39 55 11908
120 1 67 23081
220 40 50 2213
65 50 40 16194
298 45 19 4293
29 24 49 18337
183 2 32 107
22 5 92 18574
343 73 15 5440
68 77 4 9908
272 6 42 11153
422 5 55 14500
194 80 17 26833
70 6 51 14672
365 28 43 30230
378 74 4 19088
194 53 1 19095
149 53 4 1953
442 11 2 1588
366 38 7 10145
299 64 14 23534
169 14 63 12308
76 39 31 3179
92 9 89 14178
142 34 56 28787
467 86 7 14166
333 42 46 4981
316 39 32 28577
359 28 57 24067
216 17 21 22613
98 5 43 20562
184 25 61 9322
457 3 96 19643
362 15 37 21565
403 40 48 29244
125 37 26 22540
439 85 13 1784
304 56 41 17019
329 27 11 29363
376 36 64 2834
300 17 2 18775
409 78 2 24764
494 16 64 25969
417 21 32 3146
259 12 75 4789
261 1 57 25326
22 35 7 18550
194 7 28 18625
183 18 12 29742
226 65 30 17213
303 7 81 21501
320 45 54 7107
123 82 10 24865
151 49 49 4630
85 6 11 19075
100 2 13 7902
237 1 44 32554
359 1 81 17959
146 64 33 18630
162 6 91 31199
491 15 13 30246
310 5 39 3164
10 36 41 5570
56 12 42 13011
448 31 67 16434
397 11 31 6114
191 4 6 29365
310 25 29 32263
406 15 18 31147
309 23 39 29222
409 9 59 27419
299 18 28 3591
454 11 24 12591
128 21 69 19158
493 61 27 9394
102 31 37 25505
301 62 4 14233
189 28 17 18397
13 10 7 12151
300 23 70 7650
212 65 28 28679
111 2 65 21867
497 51 43 21926
108 26 22 18967
460 17 77 8150
494 57 8 30186
407 47 50 27580
233 8 71 13260
66 3 38 16035
412 14 57 4617
196 80 8 8311
173 54 40 13519
287 16 2 17995
40 60 32 18611
99 27 9 19668
308 4 62 1325
16 78 8 747
25 28 33 16152
40 37 25 17423
72 44 19 2867
74 49 34 25312
75 25 17 28834
413 78 15 9125
206 41 5 11117
109 51 42 18119
23 69 12 32512
493 10 90 9044
391 46 47 6313
196 3 97 20862
154 19 45 542
25 47 10 25881
111 26 9 9204
87 41 48 14368
142 89 10 22569
249 0 10 17712
180 33 66 3227
418 76 9 4619
267 43 49 30094
34 47 26 10775
443 24 57 20523
236 29 24 10460
158 43 17 13563
10 33 48 21642
228 70 20 31344
356 28 70 18544
440 58 31 10076
358 8 0 12166
357 66 22 30072
233 26 64 3813
314 85 5 25567
173 6 80 8265
59 47 20 22928
282 21 72 15510
170 0 89 22511
67 17 18 22096
247 24 61 15684
178 84 11 1057
128 46 11 5947
486 58 15 6999
469 74 9 1379
284 19 6 23140
456 18 81 11183
317 49 2 9052
43 46 2 13560
182 9 87 18042
314 12 59 25976
281 47 10 23707
454 41 39 15697
337 8 92 12737
268 12 4 11012
422 5 7 16274
110 65 25 19962
319 73 25 14295
129 35 9 18687
278 68 19 7933
281 49 16 9410
307 2 35 30359
76 58 39 16982
9 7 8 30682
352 31 42 23988
243 60 19 24095
28 26 31 8247
352 41 48 16741
455 15 44 17182
372 7 45 205
394 42 38 16909
361 0 75 15644
372 48 33 7564
463 49 7 25404
241 27 34 11655
428 12 53 18107
484 45 47 973
405 34 38 19531
128 39 41 24209
115 15 52 9280
280 5 92 10988
375 13 35 5397
194 72 5 5977
86 4 81 21991
76 44 41 13879
326 22 29 30969
262 79 8 12363
295 13 6 26158
454 40 20 1851
226 21 4 26002
125 1 28 26644
258 17 50 14802
247 31 37 3524
210 40 34 19135
482 76 8 13217
277 9 74 24527
475 20 40 6113
386 37 54 27291
468 42 6 3615
32 27 27 24930
176 22 74 8669
486 30 63 10629
242 32 32 18684
20 24 2 4617
463 52 19 9798
109 20 48 24088
395 6 37 23524
311 40 10 24448
352 58 42 28136
203 64 0 8499
468 64 24 13509
410 70 8 8645
470 72 16 24530
236 40 15 7665
84 2 93 1994
389 15 19 27413
232 11 77 20815
259 30 51 25009
318 71 2 8034
413 20 35 22508
87 10 19 21997
263 40 54 11279
213 13 19 11321
176 7 9 24327
273 9 83 3960
210 0 59 16103
456 8 79 5437
386 32 11 8548
143 3 23 32255
2 21 6 11864
432 37 7 18329
205 3 46 14912
138 10 58 20429
198 14 84 12477
52 22 44 1724
269 62 3 3863
203 32 0 12656
188 57 9 28341
391 12 38 15443
360 12 9 8102
258 71 18 7604
250 2 69 21276
9 18 20 18505
158 62 36 21995
297 1 7 11688
143 66 28 23310
15 42 36 20685
412 32 43 22051
336 43 50 26775
477 38 54 26090
198 27 29 4683
500 6 84 20170
229 41 10 5135
305 22 72 1356
159 3 49 12144
254 6 1 18590
277 43 51 989
148 28 27 19729
32 26 27 298
328 89 4 30363
41 38 4 27149
467 63 28 9045
453 42 49 26276
95 85 15 1534
489 41 57 9966
383 50 23 4215
355 30 24 5453
366 2 55 28230
7 28 27 6411
77 52 16 3859
295 51 11 26834
65 23 13 16685
116 25 12 27954
153 58 37 23558
51 8 36 13086
118 29 56 31410
408 31 10 28271
434 43 18 18029
18 52 40 3168
416 68 22 20754
306 70 1 22033
88 60 3 32676
239 2 8 8964
12 23 60 1225
260 23 43 7075
192 83 5 27466
262 1 75 3000
218 25 13 12437
210 58 23 17651
130 37 21 28475
241 3 3 4455
95 20 12 6514
47 28 51 13837
389 25 45 17300
331 81 13 1344
193 17 64 32414
