100 918754062
25 58
58 88
88 98
88 3
58 1
58 68
98 38
1 73
68 80
25 74
80 52
58 4
58 99
3 83
98 85
52 33
68 29
68 47
1 24
25 86
4 7
80 66
74 100
74 89
33 64
68 48
88 17
3 19
52 14
19 35
86 40
38 70
17 53
1 95
47 61
3 69
95 59
68 10
40 77
48 2
64 49
52 65
10 81
65 18
4 22
70 50
18 71
40 56
50 82
66 32
68 46
38 92
69 31
33 72
92 9
40 27
88 94
3 67
14 78
35 57
98 91
85 96
49 36
72 60
1 6
89 54
99 8
35 16
61 28
6 84
83 45
46 39
9 75
80 21
95 62
81 55
17 34
53 87
81 11
48 76
71 12
57 20
53 51
12 41
70 42
35 63
70 43
7 30
99 79
86 15
41 5
88 23
88 97
75 93
43 13
40 90
60 44
48 37
29 26
