100 831508424
76 57
57 47
76 83
47 79
79 23
47 81
47 12
23 1
12 24
57 42
12 31
12 60
31 88
81 35
42 80
35 98
47 33
83 13
33 41
33 91
81 63
81 22
80 43
88 21
57 6
76 85
81 95
80 72
83 46
21 17
35 14
42 84
33 32
81 94
46 99
95 61
32 19
85 18
81 69
13 58
76 54
85 30
32 77
18 100
6 67
19 38
61 90
61 34
13 82
18 51
12 64
100 8
95 10
31 92
58 78
61 44
6 56
19 68
33 39
33 2
84 70
77 3
2 27
31 87
42 97
98 89
80 59
63 75
38 16
80 53
42 37
88 65
3 62
43 55
22 50
33 93
82 74
42 49
68 40
97 36
79 28
60 4
100 48
12 73
54 5
74 71
99 45
74 15
85 20
67 96
45 66
4 11
15 9
87 7
83 26
65 52
90 86
2 29
7 25
