100 8411579421
78 50
78 70
50 45
78 87
87 20
20 90
45 86
90 24
90 9
24 3
78 14
24 56
70 27
9 36
24 31
90 76
14 35
70 88
90 71
50 58
14 10
35 80
50 57
10 66
57 98
70 60
88 61
3 44
66 2
71 1
3 40
70 33
20 17
80 65
45 83
3 18
66 32
57 64
71 5
56 79
44 97
32 11
45 21
88 51
11 23
1 49
36 19
80 22
45 81
97 74
1 91
98 68
23 55
17 93
35 29
60 30
60 59
10 84
86 85
98 4
66 72
79 100
70 52
83 75
35 82
86 63
23 37
52 15
31 12
40 96
63 38
81 13
19 25
2 77
24 62
90 54
21 8
30 42
66 95
97 92
78 89
23 39
93 26
32 48
36 43
95 28
98 41
74 69
21 34
63 99
36 7
69 6
21 46
40 67
75 47
77 73
45 94
24 53
19 16
