100 773111344
76 95
76 83
83 90
83 92
76 6
92 23
76 3
83 18
95 48
83 47
48 55
18 100
76 97
92 57
48 50
83 84
3 58
76 39
92 77
84 29
48 80
92 40
39 1
90 63
23 70
83 20
6 45
83 52
23 28
84 41
41 81
92 86
76 17
97 8
58 43
40 91
81 67
70 53
20 11
40 78
70 74
84 24
1 9
67 33
74 94
78 5
52 79
58 88
6 66
52 22
84 93
28 4
95 89
3 31
9 51
6 73
18 72
58 98
84 38
58 60
66 64
38 87
51 54
70 96
51 13
20 99
8 16
43 26
20 19
73 12
11 49
96 34
47 25
55 35
91 7
52 15
64 85
94 46
45 27
50 82
89 2
72 30
79 71
71 44
41 68
70 56
31 32
18 69
87 65
3 36
52 10
98 37
23 14
17 59
43 75
43 62
28 61
90 42
44 21
