100 7688115594
62 29
62 78
62 90
90 20
62 94
20 80
94 79
80 58
90 60
20 17
78 47
80 63
47 86
78 23
60 9
62 50
47 10
20 87
47 11
62 57
10 14
29 12
29 84
58 72
11 83
23 33
80 77
58 82
57 39
83 19
10 37
94 92
20 85
9 68
39 34
20 15
29 61
82 98
15 70
33 74
10 35
84 1
82 31
68 75
14 36
86 44
11 43
23 24
86 22
15 88
44 93
61 21
33 52
78 48
11 6
14 8
36 4
50 66
19 53
10 16
88 40
57 2
37 56
52 59
36 26
87 76
57 45
72 46
93 7
50 42
86 71
17 13
21 67
33 54
43 97
19 96
54 27
87 18
33 69
76 95
66 30
27 100
60 91
1 49
15 3
39 51
50 41
30 73
7 38
43 25
37 64
68 32
78 65
87 55
29 5
56 28
24 89
59 81
56 99
