100 789760511
70 85
70 13
85 24
13 22
85 78
13 89
22 14
14 71
89 82
70 77
22 12
12 66
70 38
70 18
71 33
33 34
38 21
82 56
12 68
78 69
77 63
13 39
18 11
66 54
85 41
21 42
77 15
39 26
24 64
70 9
68 36
9 8
36 32
34 83
24 59
82 5
78 16
12 45
14 3
11 51
16 29
64 58
69 96
64 40
14 79
16 62
16 100
9 97
15 19
71 67
89 88
33 4
67 74
83 76
38 61
14 75
88 80
34 20
64 28
36 93
11 6
61 95
4 94
80 31
78 73
85 47
77 25
94 86
12 52
51 35
56 91
18 46
95 57
26 44
75 98
93 2
67 27
67 84
86 43
91 92
94 10
92 1
98 99
91 55
28 48
5 87
41 81
63 90
71 17
87 23
75 30
82 49
10 72
47 37
91 65
73 50
67 60
67 7
5 53
