100 7901104944
77 18
18 41
41 31
31 56
31 51
56 24
56 88
18 30
51 42
42 23
42 63
30 71
31 93
41 87
23 21
21 26
87 22
41 99
51 58
99 95
31 8
18 29
31 38
88 4
30 49
38 7
30 69
22 94
7 15
26 72
95 50
56 32
69 70
69 40
18 25
31 34
69 10
18 44
4 9
88 12
50 20
32 91
34 37
10 3
21 67
49 79
7 45
41 65
22 85
4 53
32 82
67 62
18 36
49 16
42 55
36 35
95 84
56 97
44 5
82 39
10 2
71 89
56 86
22 14
82 83
71 96
9 17
65 100
56 76
79 47
34 33
33 73
67 68
29 61
20 60
18 11
72 46
2 6
10 98
23 59
37 81
46 52
99 13
76 75
44 27
9 90
8 43
14 54
95 92
39 1
15 64
13 48
39 78
52 57
94 80
44 19
95 66
27 28
63 74
