100 8541072946
11 13
11 39
39 54
13 81
13 72
13 87
39 24
87 6
11 4
81 49
4 15
4 59
49 8
49 7
11 50
8 28
50 12
11 73
72 20
73 35
20 18
50 22
6 100
100 95
59 17
54 80
54 45
15 83
95 76
18 56
11 52
83 62
28 88
6 57
49 46
7 91
87 9
28 16
73 84
9 68
52 77
11 23
77 97
76 1
87 25
88 82
91 30
12 53
16 32
22 86
22 14
57 43
95 51
45 40
16 74
13 58
77 44
23 10
51 38
68 47
91 37
8 70
23 3
8 92
12 61
59 75
35 66
50 60
20 94
13 2
6 78
9 42
45 29
58 31
53 98
68 27
14 36
15 26
23 85
62 65
76 33
81 41
43 90
16 67
65 64
46 93
84 55
61 69
72 5
53 96
9 79
52 48
45 34
97 21
96 89
34 71
58 63
85 19
60 99
