100 809159542
67 7
7 29
29 99
67 80
29 70
67 100
100 66
70 63
66 62
70 94
62 76
70 49
63 37
70 68
80 3
62 51
100 90
99 6
67 25
49 55
25 73
7 57
7 96
57 27
90 95
25 98
67 46
51 58
80 69
55 54
3 93
95 32
68 50
6 72
46 38
70 18
54 39
72 87
54 17
58 11
98 23
63 19
76 21
39 35
90 84
72 26
17 43
46 56
57 91
72 86
55 8
8 79
18 61
87 42
73 28
17 30
91 47
18 74
70 16
43 45
3 15
90 60
32 24
87 53
29 20
67 34
23 85
49 97
37 44
25 81
87 89
7 9
68 83
18 92
43 33
35 75
91 14
25 12
55 22
44 36
22 52
27 1
76 13
79 31
55 71
6 82
60 10
99 88
31 64
20 65
42 5
37 4
3 78
45 41
65 48
50 40
24 2
16 59
35 77
