100 9134043297
45 84
84 6
6 86
45 62
84 79
86 98
98 38
86 60
60 90
84 55
60 43
38 26
6 27
90 94
26 58
6 83
60 31
58 44
31 23
26 100
83 24
84 1
79 42
1 37
84 76
24 11
42 14
11 53
43 78
86 91
14 19
24 33
14 34
42 97
24 28
1 80
97 15
14 12
86 8
76 85
84 47
26 57
45 88
44 59
60 71
91 25
57 50
71 54
76 75
43 81
100 40
24 41
98 35
57 7
25 17
26 67
40 56
35 99
27 13
19 52
88 72
19 73
41 30
97 10
94 16
25 3
24 65
94 18
35 66
7 5
33 29
16 92
73 95
5 9
60 70
73 61
61 48
55 93
40 89
78 51
15 21
38 49
30 39
95 36
13 46
37 69
51 74
60 77
85 68
46 20
36 4
40 96
8 87
45 22
99 32
92 63
92 64
94 82
54 2
