1000
746 311
311 786
746 448
786 348
746 479
786 35
786 323
311 610
610 848
746 73
746 606
311 383
746 656
746 747
479 224
746 65
348 620
348 233
35 832
479 350
35 794
348 797
311 196
323 40
786 914
746 679
746 829
610 139
348 683
311 85
746 153
348 643
311 690
746 362
35 942
323 222
479 2
479 765
479 331
448 252
479 559
610 517
479 971
323 616
348 815
746 804
479 845
35 497
35 627
746 436
311 813
448 801
311 946
311 180
35 44
348 830
610 666
746 948
786 405
311 398
311 471
311 531
746 651
610 275
448 461
448 761
610 328
311 536
448 787
786 183
610 710
348 315
448 90
35 382
610 741
323 895
786 188
35 818
746 14
35 375
448 726
448 491
348 459
448 126
323 428
323 872
479 246
746 665
348 290
610 144
311 935
448 203
786 637
448 736
746 681
610 784
610 905
448 307
786 541
746 218
311 64
479 19
610 38
786 321
35 851
786 377
610 861
323 557
311 263
348 834
610 53
323 693
311 468
448 856
348 74
311 395
610 419
479 630
786 86
35 62
786 764
786 566
479 956
323 466
35 318
448 734
311 145
479 444
786 308
786 36
746 199
35 825
786 111
610 414
311 278
786 61
786 4
746 396
786 552
786 824
323 933
479 640
323 516
448 181
746 56
479 138
311 888
610 397
746 498
746 402
311 407
610 833
348 329
311 341
479 840
311 77
479 548
786 900
479 970
448 299
311 838
448 641
311 342
348 799
479 464
479 530
35 242
35 270
35 185
479 995
323 286
35 288
610 723
448 756
610 891
610 57
610 624
786 369
448 256
746 619
610 450
479 837
746 385
746 37
610 692
448 594
348 404
479 715
348 889
479 435
746 305
323 200
348 155
448 63
35 399
311 809
348 171
479 123
348 588
479 605
311 674
35 730
348 961
479 433
610 229
746 677
323 76
311 415
311 281
35 901
35 249
311 104
479 822
311 611
479 583
35 93
479 512
348 671
323 78
746 125
610 542
35 361
746 371
479 178
746 510
348 955
746 418
786 999
35 105
323 915
746 892
348 208
35 374
323 274
448 494
448 59
323 429
786 617
479 719
311 676
786 921
311 264
323 420
448 576
448 69
479 697
348 197
610 314
311 179
311 94
323 540
786 980
35 389
746 903
323 343
786 866
479 27
479 810
610 846
311 680
323 97
786 363
311 298
786 983
311 304
786 120
311 879
323 413
348 854
348 147
311 124
746 705
35 253
35 31
348 460
323 937
610 597
786 198
311 769
746 904
35 255
348 978
610 54
348 108
786 793
323 911
479 425
323 1000
448 379
786 443
479 774
35 886
348 194
448 164
746 462
610 426
448 821
311 725
311 33
323 300
323 166
311 894
479 702
348 68
610 920
35 828
35 12
323 623
348 58
348 992
479 917
348 927
746 412
311 157
786 988
348 574
448 454
348 772
746 175
35 247
746 452
323 193
610 655
35 122
448 254
786 158
35 149
35 445
610 969
786 114
746 712
35 49
746 366
786 573
35 527
323 432
348 109
35 544
479 152
323 906
610 874
610 511
35 190
448 807
746 485
323 572
786 293
746 743
479 547
323 998
786 835
311 996
746 217
610 932
448 661
311 585
746 569
448 170
323 310
323 858
348 416
35 604
479 603
746 929
610 792
610 731
448 755
479 518
746 817
746 22
348 608
479 771
479 582
311 279
610 560
448 768
746 258
479 66
610 117
479 172
311 442
323 580
323 211
746 513
448 689
35 783
448 707
610 844
746 276
786 843
746 277
448 89
479 514
479 11
746 684
479 332
311 226
746 805
311 121
348 205
448 770
35 979
786 873
311 800
610 107
35 733
610 864
786 916
35 899
35 43
311 267
35 898
479 686
311 796
323 614
448 20
323 141
323 954
746 5
311 447
786 102
35 816
786 775
348 344
35 162
35 75
786 760
746 984
610 600
35 207
786 476
348 503
323 735
479 294
448 168
746 754
786 195
786 422
323 216
448 393
323 836
448 406
448 908
348 358
311 3
610 952
479 191
35 789
348 758
348 424
323 581
348 182
448 831
311 8
479 855
35 554
323 766
35 944
35 18
786 553
35 470
311 659
786 488
35 359
786 92
479 487
311 727
311 685
479 868
786 42
479 701
448 508
479 473
323 779
610 645
786 367
348 615
610 327
746 326
746 609
479 814
610 974
746 21
348 251
746 827
35 409
746 260
323 565
348 853
311 349
746 441
786 926
323 850
311 266
479 477
323 912
479 924
610 25
448 925
348 717
311 938
323 352
479 890
323 354
786 635
746 187
746 586
479 613
746 232
746 953
35 137
323 95
323 592
311 161
746 34
35 657
610 556
35 526
479 607
746 192
746 695
323 48
448 378
786 39
746 636
323 881
323 129
323 381
786 721
311 902
348 869
479 524
610 593
323 265
35 875
479 96
323 949
786 667
610 865
786 910
448 91
448 568
311 7
610 798
35 577
348 163
348 330
448 989
786 262
323 259
448 346
786 113
348 711
35 718
323 664
323 575
348 982
348 694
323 206
746 713
323 703
610 752
311 826
35 160
311 750
323 88
786 913
746 812
610 482
610 434
479 384
786 520
786 598
323 41
311 284
448 237
610 696
311 790
311 268
35 313
786 967
479 45
479 738
348 919
746 169
786 81
323 261
786 943
323 231
311 99
448 493
786 528
746 578
323 941
746 1
479 599
610 333
348 486
348 893
610 370
610 243
746 481
35 209
786 345
323 596
348 215
786 922
311 859
448 127
348 423
323 555
746 584
479 877
311 301
610 994
786 306
610 940
448 960
746 167
479 130
448 808
35 959
479 751
479 439
479 202
311 291
348 852
479 245
323 437
348 525
35 708
610 446
35 146
323 465
35 762
311 860
448 591
746 763
348 15
348 963
348 449
311 417
746 571
479 628
746 728
479 51
610 819
610 316
35 648
479 842
610 463
323 811
323 823
479 532
610 972
448 364
323 235
311 219
35 642
610 338
35 767
348 589
323 991
479 706
35 558
448 652
610 632
323 302
746 257
610 968
610 740
323 629
323 962
348 55
348 335
746 283
323 561
746 981
35 29
448 744
323 977
746 80
35 143
348 116
610 646
479 509
448 142
348 883
348 239
448 46
35 782
746 60
610 23
323 986
311 10
610 475
348 394
35 546
479 177
786 30
610 633
311 325
746 150
311 519
479 411
448 356
479 885
323 757
479 716
348 687
35 602
311 110
746 368
448 101
479 688
323 579
746 189
479 128
746 79
323 709
786 720
746 297
323 930
323 945
479 880
610 776
323 287
311 134
610 438
610 878
746 430
448 742
746 186
610 67
479 647
746 896
746 410
311 871
323 622
323 625
35 773
610 668
610 213
786 227
348 966
610 474
311 312
610 489
348 347
746 467
479 339
610 386
323 551
35 631
786 319
323 334
323 289
311 862
610 118
348 106
479 820
610 567
348 240
479 993
448 296
610 499
311 660
610 839
35 387
348 9
448 550
479 234
323 280
610 285
323 427
786 964
610 148
786 704
479 173
746 492
610 644
323 103
448 490
610 601
746 457
746 976
610 990
610 165
448 336
610 24
348 907
323 504
35 847
448 351
311 303
786 478
479 691
323 857
610 250
348 376
35 372
311 421
323 431
448 537
448 654
35 621
479 223
448 931
448 455
35 32
786 539
746 739
323 317
786 50
786 355
479 357
448 748
479 975
479 403
746 806
311 132
448 135
448 320
746 870
610 131
479 174
448 269
448 456
786 626
786 737
479 400
311 236
311 204
311 841
786 505
311 795
348 778
786 563
35 987
786 523
448 732
746 52
448 26
348 292
311 47
348 749
746 729
448 340
311 241
786 662
448 309
479 353
448 484
35 295
448 939
610 6
311 98
479 663
479 595
610 176
35 985
348 973
610 947
746 673
448 480
746 401
35 897
348 564
323 151
610 529
746 928
311 184
479 672
311 882
610 724
35 618
786 28
448 214
311 70
479 753
610 221
610 781
35 997
786 495
610 71
610 501
479 780
348 244
479 909
610 549
348 496
311 17
746 458
610 653
746 876
610 669
610 360
35 13
348 380
323 87
610 957
348 140
786 658
610 698
610 722
479 156
323 84
479 440
479 884
448 408
448 759
448 682
746 791
746 590
786 650
746 115
479 543
35 272
746 337
610 670
786 271
35 220
479 324
323 887
479 649
323 133
479 500
35 230
311 502
786 322
786 119
311 562
786 507
479 638
479 934
479 451
311 612
448 745
311 545
35 212
610 522
35 951
479 228
479 365
348 535
786 958
323 675
311 282
35 521
311 392
348 867
348 570
35 225
479 700
746 849
610 72
786 802
448 453
746 777
610 587
323 506
35 863
35 538
348 273
479 16
448 534
448 950
323 515
610 388
786 154
348 136
746 391
786 112
348 82
323 483
311 634
448 639
35 533
448 390
786 965
448 83
323 803
311 238
610 788
323 918
479 201
35 469
746 100
323 373
479 936
311 923
311 159
348 699
323 714
448 248
448 472
35 678
479 210
35 785
