1000
661 384
384 806
661 490
490 66
66 666
384 291
384 12
291 112
806 583
12 363
666 194
363 824
490 636
824 122
661 951
661 704
636 10
704 839
824 319
122 150
806 617
490 804
12 515
661 528
194 798
150 618
10 8
122 77
839 881
319 453
194 536
194 873
951 906
10 3
824 408
839 321
112 493
661 383
528 711
824 81
10 318
194 740
453 818
636 407
291 259
384 443
536 698
804 354
318 341
12 729
122 99
321 88
806 932
77 166
583 529
383 553
490 731
493 674
804 802
553 691
407 555
318 667
932 218
667 569
354 247
150 777
698 948
698 632
150 828
818 394
618 41
691 780
802 855
881 761
906 144
569 614
407 142
529 353
761 831
881 883
528 899
855 874
691 996
704 130
828 934
691 551
704 450
632 111
618 97
636 970
408 984
839 210
636 411
761 366
318 239
493 418
88 842
698 668
77 976
353 807
802 961
806 421
259 565
873 880
777 109
740 211
661 32
88 161
661 792
144 604
691 149
780 460
150 178
818 619
780 437
731 110
704 209
319 300
443 325
66 689
41 250
194 651
490 371
804 498
490 335
617 397
731 946
77 191
394 225
806 84
259 735
798 542
112 544
618 610
515 71
453 778
855 157
318 927
66 83
798 128
666 969
704 332
661 769
194 659
529 823
777 140
41 884
818 783
353 575
948 801
780 412
407 794
636 684
247 233
780 785
218 797
3 851
583 577
41 695
798 587
806 252
618 891
259 159
363 468
394 609
529 401
318 988
353 131
144 6
881 471
66 215
824 829
667 763
122 699
529 849
661 64
363 340
881 677
453 198
12 886
873 902
666 76
384 868
831 764
144 274
354 573
698 148
528 361
806 500
528 138
666 402
122 709
41 757
818 598
661 820
761 809
804 572
515 143
711 603
932 445
824 339
555 994
443 257
674 917
818 944
666 497
194 187
150 458
12 953
711 559
839 4
881 530
384 241
906 171
906 203
661 648
528 223
353 714
77 56
932 378
536 887
674 181
407 108
855 966
10 176
3 755
318 552
319 268
529 441
806 235
731 611
490 796
490 781
321 915
443 72
291 95
66 224
731 9
666 290
555 311
259 115
553 623
407 631
583 982
493 641
453 702
81 639
493 717
536 978
828 246
780 784
218 707
88 240
443 57
41 939
3 894
798 359
41 277
881 312
88 154
780 251
354 898
536 810
777 871
617 206
932 389
729 195
740 858
341 343
166 102
536 854
81 33
698 845
194 43
144 333
122 800
881 586
632 545
618 52
674 563
112 933
804 843
666 372
394 644
407 756
259 662
555 872
951 679
674 925
166 304
363 510
614 469
839 655
150 264
3 561
259 737
583 986
798 782
932 505
666 11
636 720
194 746
66 861
10 432
318 35
583 747
247 174
824 496
321 517
259 396
99 238
618 466
780 675
798 856
583 1000
731 494
802 786
614 688
453 480
515 481
66 722
112 120
555 860
3 751
906 995
818 177
3 556
704 7
583 136
951 546
407 852
569 963
932 60
122 452
341 983
881 571
536 723
873 812
667 947
3 857
555 424
661 513
218 69
906 795
618 256
698 558
443 15
777 275
490 104
583 42
667 222
932 303
555 464
291 658
493 175
804 612
704 719
453 244
828 141
824 214
453 903
12 808
354 867
321 324
806 446
761 594
341 775
704 129
383 960
818 429
10 24
948 599
354 730
10 44
698 837
528 425
804 833
81 377
150 448
661 323
932 346
932 406
569 201
81 724
555 911
363 125
873 502
691 40
583 461
291 954
150 184
515 540
831 673
41 803
144 365
150 226
142 255
948 508
77 725
122 368
818 279
291 296
824 527
150 220
818 593
122 728
632 314
855 930
951 395
711 882
818 403
66 789
150 942
636 501
443 164
881 237
632 564
144 568
10 952
383 495
291 462
804 642
666 75
617 936
711 721
8 49
319 101
798 685
555 649
828 718
831 229
515 388
536 92
12 152
632 589
780 663
112 463
321 269
740 182
8 265
704 844
122 70
12 373
8 832
802 436
8 475
12 759
674 615
41 17
318 771
88 117
259 710
291 628
711 985
144 297
77 116
674 712
122 582
881 967
515 459
818 697
698 123
674 825
636 208
804 877
383 708
618 706
318 423
122 103
932 121
906 622
291 999
194 62
218 817
731 507
948 672
112 410
319 626
583 550
761 557
804 870
674 758
881 113
569 816
353 696
636 207
81 420
553 901
194 973
761 669
831 5
555 941
806 940
493 53
528 974
41 352
704 671
855 380
614 748
780 566
88 647
99 173
66 920
839 89
618 904
536 912
618 106
777 189
319 20
948 179
353 977
122 45
873 281
341 357
8 470
951 992
674 74
247 865
142 93
906 392
614 456
802 745
583 362
698 316
711 200
881 538
569 601
384 627
490 625
77 28
691 938
247 305
99 228
818 23
291 114
798 338
806 382
247 270
353 922
906 608
761 597
804 841
408 613
661 145
906 135
881 681
661 959
407 381
951 522
353 537
667 284
528 650
798 585
632 202
777 188
88 629
553 584
711 476
731 91
384 514
906 13
740 317
81 665
780 50
536 349
66 416
667 315
873 523
667 535
729 197
99 415
855 607
66 127
41 980
515 838
951 230
41 153
144 413
618 486
828 68
41 596
802 22
453 574
806 439
704 742
691 924
951 474
536 813
3 600
529 169
218 358
711 656
8 504
99 310
661 895
553 744
453 243
321 370
873 285
617 491
3 282
740 55
740 280
780 258
66 836
291 645
881 827
948 678
394 682
194 738
408 48
166 409
341 581
8 328
291 51
394 949
112 520
798 788
88 913
731 336
383 379
363 595
341 213
881 890
636 835
632 638
291 799
194 506
259 405
515 640
8 286
354 322
831 993
41 158
354 908
493 447
806 105
951 37
780 511
394 694
515 624
780 465
408 193
667 805
691 736
515 455
515 733
8 26
932 301
740 749
828 273
617 670
77 272
932 134
761 118
555 126
515 869
798 454
318 227
247 716
291 846
319 773
806 263
3 65
806 790
383 770
828 204
666 78
291 295
873 979
802 580
828 686
729 360
614 998
81 774
529 253
948 31
194 438
363 287
951 163
353 278
515 634
731 793
407 539
81 547
383 853
88 478
259 440
873 133
777 398
555 866
906 713
383 205
777 308
948 620
384 524
855 36
617 96
704 356
259 170
818 703
515 879
729 605
10 779
948 990
453 888
780 221
761 578
761 772
667 249
798 760
536 968
81 878
529 653
932 700
318 196
81 488
122 82
932 487
150 875
142 430
3 183
515 180
407 657
341 14
780 562
408 39
636 862
166 347
166 444
341 242
218 124
569 492
881 399
142 345
780 532
798 320
77 2
66 337
731 422
394 918
731 957
666 811
384 449
363 885
798 909
636 892
873 428
321 526
632 267
536 307
583 79
828 518
408 821
583 521
881 863
553 167
617 385
319 484
142 633
873 54
150 217
661 791
122 519
839 266
674 85
831 364
802 431
443 815
951 923
828 165
614 483
704 473
555 972
806 588
711 635
383 734
407 987
77 549
948 592
798 637
341 199
632 503
555 955
855 683
761 100
12 216
614 90
194 212
804 348
948 132
10 306
711 260
318 910
319 190
761 766
529 929
407 956
569 172
932 787
529 621
704 482
41 185
777 451
291 646
761 893
828 485
341 334
839 840
490 822
553 516
291 472
798 234
318 186
3 965
529 374
873 419
873 98
674 512
394 687
112 288
831 119
259 643
99 727
353 387
824 18
932 652
951 693
932 889
490 309
490 570
528 151
711 160
122 344
88 914
855 168
394 752
555 61
855 289
806 591
443 329
384 943
828 283
99 590
66 533
194 231
828 859
698 427
319 964
839 926
729 375
394 386
667 434
932 945
666 390
618 850
528 765
529 146
41 302
443 543
831 276
8 554
555 971
66 905
881 63
906 298
218 245
122 87
828 962
831 776
906 393
951 732
493 654
818 30
711 16
490 741
839 299
490 680
948 541
363 739
41 602
3 404
407 981
948 479
873 19
614 950
555 931
88 435
383 896
493 975
661 907
802 342
66 219
632 417
777 989
780 900
363 192
839 531
698 433
831 509
839 162
407 690
490 155
194 762
88 754
112 525
806 743
614 616
661 715
948 814
144 34
407 692
66 25
569 489
636 919
318 534
798 848
948 331
363 660
614 29
443 67
824 326
698 414
8 935
341 467
363 426
291 442
711 107
818 355
777 313
818 768
839 254
218 86
906 826
319 876
731 147
729 477
729 916
319 819
818 292
804 351
761 548
218 400
112 767
617 369
666 676
873 47
493 864
948 376
12 701
150 21
81 630
617 236
166 46
614 94
831 834
667 293
3 750
806 80
408 1
407 139
618 921
802 330
636 294
353 367
408 997
798 579
529 38
150 753
536 560
802 499
583 958
618 327
41 391
855 991
363 156
122 664
493 847
166 606
704 576
122 27
384 73
881 271
536 928
99 58
873 705
529 350
3 457
906 262
583 59
144 232
729 248
951 261
8 937
318 726
453 830
66 567
353 137
711 897
