1000
689 165
689 268
268 38
268 106
268 922
922 12
165 161
38 239
38 564
161 489
922 823
106 1000
12 778
778 304
165 262
922 101
778 112
922 711
778 18
112 423
778 99
112 632
161 990
165 921
632 688
689 320
18 708
161 13
13 205
1000 904
101 923
304 730
489 673
564 669
106 960
304 134
1000 727
268 812
730 213
632 267
921 227
165 657
205 389
489 737
657 758
921 733
921 64
564 825
205 837
267 62
18 913
825 897
904 544
64 59
106 196
913 912
134 170
320 199
199 74
101 516
897 144
657 938
632 822
112 852
165 661
778 729
267 344
12 312
320 931
101 124
144 72
912 976
938 956
199 947
897 102
825 473
689 407
64 734
205 909
923 530
196 817
213 599
960 871
688 490
733 901
758 372
938 768
267 836
922 766
766 694
124 9
711 376
921 752
921 325
729 498
389 660
694 339
239 204
544 415
921 181
204 109
737 7
673 864
268 617
921 234
836 672
13 189
376 521
109 210
837 889
181 679
904 395
530 666
913 744
730 827
59 263
897 79
239 796
904 519
564 602
263 3
13 553
632 30
170 66
909 784
938 770
423 216
669 683
852 182
730 90
267 386
227 799
960 646
38 656
733 984
521 440
938 246
161 34
199 375
836 721
799 512
922 701
921 89
909 482
976 756
784 966
205 329
90 396
124 567
729 351
395 647
938 586
74 918
822 908
679 365
721 777
521 554
134 5
109 249
216 814
825 21
165 535
897 805
784 702
134 849
213 981
947 92
124 52
189 127
822 393
852 888
921 858
908 237
956 120
617 166
320 705
554 465
182 70
956 517
13 652
701 662
908 119
679 581
213 163
489 511
632 172
913 253
21 97
239 525
586 788
205 441
947 635
812 421
822 212
535 86
617 531
440 857
163 368
586 869
689 300
567 625
770 42
702 736
70 585
163 902
339 444
689 23
519 626
365 94
768 56
365 732
956 644
199 370
871 590
165 147
827 137
858 829
812 486
768 524
393 580
18 540
788 743
902 800
189 468
74 186
312 890
788 537
186 330
415 284
89 463
727 790
227 342
662 606
672 47
688 578
766 856
189 937
721 404
814 51
325 360
300 563
799 327
758 303
901 720
92 949
599 174
909 104
888 241
708 345
617 285
729 870
267 943
817 738
632 484
3 308
625 783
216 831
304 671
444 774
931 461
909 446
127 367
21 636
415 965
47 457
457 448
106 565
912 31
199 19
3 419
308 987
656 406
144 494
249 529
647 433
683 29
783 853
89 177
62 487
241 900
246 422
800 483
234 532
796 618
490 509
342 547
918 2
444 798
729 81
342 681
253 601
422 505
960 14
174 629
857 451
490 750
943 677
758 354
966 928
300 338
370 118
918 255
509 723
602 706
525 215
166 950
101 941
554 214
90 934
656 653
23 877
300 179
172 357
524 637
831 456
637 366
922 967
836 25
368 592
730 208
777 579
498 44
268 575
456 593
721 725
727 445
950 534
943 523
626 471
120 627
783 48
457 162
725 664
706 615
457 643
967 780
738 991
737 971
163 432
120 243
737 735
407 417
837 131
805 883
602 754
971 830
827 667
966 502
18 180
580 854
931 755
617 846
626 948
300 275
124 379
768 746
241 153
774 436
934 121
738 507
615 728
666 476
529 953
708 347
854 992
960 761
419 43
489 628
354 260
783 380
657 884
465 935
5 424
396 907
419 885
415 464
869 839
660 453
47 697
166 230
47 188
525 145
660 651
615 397
189 138
471 301
823 560
960 316
805 887
52 58
853 39
904 717
990 866
112 742
529 24
3 698
234 995
415 115
580 479
742 793
734 36
43 158
852 251
822 53
64 963
36 107
534 570
255 686
239 413
457 95
119 571
839 795
397 151
652 261
158 437
829 16
705 959
931 219
758 293
407 970
864 550
688 682
494 429
907 82
646 980
473 60
725 765
531 926
12 911
502 977
308 223
29 861
774 522
554 630
723 33
473 945
945 309
104 745
56 15
743 704
465 851
560 117
912 229
783 538
214 348
743 135
617 687
329 665
567 771
301 994
564 296
166 454
117 335
754 28
550 659
796 69
223 561
937 159
31 377
866 893
483 98
981 385
127 160
800 785
261 356
312 411
446 779
89 988
938 958
666 71
42 426
756 129
651 450
316 974
784 499
342 528
864 775
923 946
630 475
729 610
606 318
404 691
301 648
984 244
991 278
535 767
456 596
632 226
866 466
74 792
980 536
742 281
540 975
204 868
370 898
652 978
303 993
117 880
902 332
768 110
318 501
949 67
429 353
691 894
702 49
908 892
571 68
433 551
318 835
23 452
825 878
134 168
673 326
453 78
267 716
216 125
711 350
534 412
267 670
563 427
39 929
320 403
199 680
706 169
69 650
31 455
267 493
241 183
376 409
507 398
249 478
913 418
386 197
60 506
237 873
959 184
385 496
536 297
857 80
31 280
115 136
351 391
647 133
893 845
118 612
127 458
320 497
227 804
529 361
728 217
28 491
318 191
137 859
368 257
564 826
858 731
33 609
124 611
9 558
134 764
121 820
212 228
519 583
395 838
210 258
537 371
89 910
74 126
56 645
153 527
799 588
746 983
118 619
579 533
365 847
9 295
48 703
121 231
445 693
770 472
565 655
901 514
379 420
69 306
95 185
893 607
665 449
14 252
567 886
877 794
489 939
487 608
483 503
928 282
921 699
437 443
376 747
667 762
129 568
560 359
99 807
2 331
498 374
687 152
648 833
537 96
745 146
795 772
196 194
429 927
56 810
102 460
436 430
219 684
610 148
445 696
215 832
846 933
138 828
934 248
421 11
415 469
360 916
877 591
71 895
115 310
956 142
784 428
499 88
7 390
69 276
937 264
618 649
660 973
21 328
60 200
683 569
223 294
579 863
648 392
877 54
681 595
889 171
92 157
62 865
29 259
121 45
188 658
48 287
671 218
629 663
395 358
461 266
734 288
795 233
62 315
525 269
829 291
846 105
153 998
293 855
725 616
511 202
320 749
889 364
502 383
673 546
461 495
805 899
995 307
825 781
857 821
902 173
129 193
869 289
246 122
686 751
966 850
935 84
205 362
24 176
792 50
144 140
971 236
117 741
535 572
697 997
672 349
770 818
971 882
734 203
134 508
415 402
540 685
118 808
251 700
134 485
81 695
981 73
395 604
38 352
179 920
870 302
466 577
662 545
601 207
486 815
30 130
564 242
147 989
5 369
904 707
704 143
42 481
312 298
765 93
308 718
561 334
464 405
376 500
104 401
440 434
948 382
948 167
755 220
686 470
278 726
385 187
992 559
499 962
72 321
415 156
223 724
444 256
669 6
351 343
901 400
965 773
214 562
39 435
23 123
967 22
581 952
3 438
444 712
347 209
393 292
473 996
47 178
662 254
494 139
928 462
255 238
561 274
516 336
348 225
19 797
89 232
943 787
785 623
788 408
651 46
120 286
62 265
688 932
578 642
325 510
902 600
137 986
854 972
770 776
977 539
59 57
889 739
161 195
994 314
534 576
309 1
72 573
900 114
765 221
151 605
814 759
179 206
767 283
975 192
958 809
429 919
994 488
947 271
644 924
71 474
536 867
338 224
43 848
975 940
956 982
212 10
672 526
796 290
347 603
104 41
115 915
921 678
329 504
153 872
537 373
756 155
471 654
921 480
935 317
679 442
540 782
204 906
523 447
777 556
913 954
550 324
956 789
471 633
165 26
255 319
413 690
861 957
775 674
565 582
69 802
976 85
464 840
694 740
86 641
144 668
138 936
950 37
885 378
62 322
725 337
560 748
389 513
536 896
357 83
465 355
237 27
779 621
484 843
971 40
365 459
386 313
476 164
540 235
177 613
755 141
147 715
417 710
909 713
226 881
912 103
34 634
2 862
5 399
251 620
101 640
490 198
115 598
902 876
89 279
765 132
417 542
351 333
275 584
981 55
908 757
151 387
296 879
736 753
536 388
463 942
448 631
446 518
673 624
463 676
963 549
104 803
509 75
780 100
473 272
704 548
366 277
547 969
564 363
525 951
351 763
196 816
836 467
219 190
237 61
205 4
990 240
610 760
419 791
419 341
186 675
7 819
775 76
788 786
849 719
777 77
625 116
870 811
656 410
625 515
107 431
411 87
261 555
159 722
888 801
423 477
52 149
39 108
536 614
593 520
74 709
360 175
746 32
570 111
967 35
660 154
519 905
118 91
25 113
570 63
660 20
664 65
263 416
66 844
900 968
553 346
327 875
94 552
646 597
864 806
758 622
92 201
253 8
800 247
177 414
327 311
473 587
618 492
661 917
441 323
208 714
774 250
766 381
2 566
446 245
885 639
683 425
263 985
166 541
790 891
278 834
793 299
537 955
161 874
805 17
950 944
524 543
86 813
646 842
958 439
825 150
768 769
765 394
92 999
849 925
393 594
300 860
701 589
229 692
453 903
921 270
540 222
796 557
339 638
750 340
743 211
625 979
464 273
109 930
465 128
579 824
783 574
498 961
793 841
499 964
805 384
293 914
406 305
