99
73 54
54 14
54 19
73 64
54 47
54 21
19 75
21 57
14 38
73 93
21 63
14 52
14 97
54 94
21 72
73 41
47 86
64 8
64 56
75 6
14 23
14 17
64 59
19 51
21 77
21 90
54 62
75 3
19 27
54 22
19 48
73 53
21 71
14 82
19 49
21 13
14 80
73 15
19 44
21 87
14 16
14 31
19 65
54 11
47 55
75 74
54 58
64 29
47 34
19 4
14 45
64 33
47 83
75 98
19 1
75 25
73 35
21 5
73 10
73 95
75 66
73 79
19 61
47 32
21 12
54 76
14 70
64 39
64 26
14 91
19 46
73 40
47 89
21 84
54 9
64 85
64 43
73 24
64 36
64 20
21 69
54 88
19 50
21 99
19 2
14 42
73 7
19 60
54 28
47 37
54 78
47 18
14 30
21 96
75 92
73 67
75 81
64 68
