1000
492 726
492 320
492 995
726 430
430 532
532 342
995 928
320 256
995 255
430 428
492 978
256 257
428 567
257 108
430 785
342 260
320 227
492 429
928 146
928 212
429 85
430 293
146 34
726 958
108 27
212 46
227 269
428 523
108 931
567 745
256 156
212 601
567 887
255 758
255 168
430 823
978 192
785 544
255 819
567 497
785 559
320 891
532 52
428 582
146 478
429 669
342 983
146 851
492 378
726 300
227 174
260 285
260 963
978 939
108 427
978 943
212 82
108 613
995 692
492 88
212 483
995 327
257 689
928 557
429 764
995 399
108 444
726 393
342 404
227 402
320 123
320 780
212 783
492 411
429 811
430 51
227 807
492 521
342 569
430 618
342 225
227 806
726 651
260 6
212 751
785 739
256 140
255 445
429 770
108 643
257 797
430 861
995 259
492 356
320 278
429 798
492 148
928 795
492 165
995 849
978 568
995 341
429 268
726 898
928 161
146 839
726 461
429 688
320 693
567 524
260 503
567 762
429 401
260 859
257 516
532 609
532 175
429 187
726 576
567 179
256 441
108 563
260 157
320 765
212 395
430 62
257 921
726 805
146 743
428 36
255 16
256 396
227 505
108 973
146 759
212 681
430 104
212 552
320 113
928 583
430 273
978 908
256 458
430 584
726 826
978 100
257 290
928 730
255 638
532 900
256 556
428 937
227 239
785 433
532 840
532 282
260 437
227 749
430 984
212 21
429 297
567 507
108 204
108 45
492 176
255 564
567 502
212 802
255 850
928 357
212 117
255 517
146 710
342 901
995 479
146 513
785 43
227 353
567 705
428 562
995 248
429 390
785 294
532 359
567 110
978 449
260 644
320 101
429 292
108 874
428 58
995 74
785 538
428 902
428 423
320 265
320 822
429 930
430 595
256 633
429 71
430 522
227 279
108 970
212 935
995 578
257 467
430 555
227 625
928 678
255 443
212 708
978 432
995 885
532 172
978 506
257 959
492 214
255 486
995 184
260 830
995 491
430 352
978 134
995 844
430 333
342 734
567 354
227 501
978 962
342 316
492 3
256 566
429 881
430 477
978 800
430 870
995 684
257 1000
532 907
256 960
492 152
212 344
257 892
256 203
227 690
928 397
260 888
785 835
726 181
227 182
255 956
567 924
108 490
492 917
428 940
227 903
492 171
320 779
108 750
227 87
928 81
785 480
256 301
429 283
108 191
995 776
260 961
255 525
726 195
429 272
255 561
227 647
429 854
429 660
429 415
492 170
146 837
429 697
255 882
256 20
108 631
567 150
146 619
342 243
928 226
567 209
492 673
429 392
255 773
928 944
227 186
108 350
429 389
257 528
726 796
726 431
146 923
146 332
212 966
928 50
928 315
108 542
255 620
257 331
227 277
532 30
342 471
227 97
430 868
492 76
785 724
978 873
567 322
428 424
785 321
532 305
429 196
320 103
726 313
928 469
567 612
342 948
995 572
928 118
255 96
255 482
726 64
260 418
256 398
108 13
928 163
146 240
227 591
108 49
532 308
785 17
260 131
146 80
429 658
726 682
928 919
567 324
146 222
492 553
995 8
108 223
255 976
995 59
430 416
255 985
567 142
978 997
260 738
978 617
995 577
428 534
429 696
928 945
928 530
146 419
995 543
726 286
567 653
212 452
532 251
430 252
255 228
146 160
492 65
429 275
429 550
257 247
928 107
342 264
785 360
260 54
212 911
492 133
995 814
567 777
978 473
995 276
978 219
260 238
257 138
227 242
255 130
995 922
260 180
342 636
108 666
430 828
785 709
108 230
342 221
108 589
255 784
430 439
726 748
726 720
492 306
429 775
257 949
785 727
532 964
429 67
255 408
428 857
428 630
532 754
428 31
492 769
227 263
430 992
726 94
429 812
255 177
726 865
532 863
978 558
726 878
227 271
978 112
532 362
928 93
227 366
256 520
227 381
227 747
428 211
227 53
995 394
342 456
532 409
108 355
257 298
257 373
320 425
532 607
429 266
928 910
532 862
428 815
995 635
257 364
726 545
785 918
532 361
227 603
532 980
227 721
492 178
785 136
212 208
257 299
429 249
260 810
429 674
785 662
108 549
429 535
430 897
146 189
785 205
320 122
785 382
320 317
995 374
978 860
428 817
428 622
978 162
492 23
928 594
342 648
260 116
429 289
428 29
492 816
430 126
146 329
146 974
726 70
257 102
978 540
256 996
928 824
257 267
320 47
532 377
146 947
227 213
212 599
108 671
532 241
430 153
146 5
928 652
726 32
255 457
256 889
726 580
567 41
928 234
532 414
429 680
257 440
260 694
257 512
108 351
108 233
428 570
567 250
255 504
428 95
255 827
726 77
212 518
995 42
429 481
320 92
995 78
227 210
227 615
978 713
532 229
995 879
429 515
257 846
978 848
567 40
428 79
108 913
257 284
995 460
260 920
256 539
227 735
928 405
256 715
108 968
532 711
978 464
532 981
429 717
567 886
256 670
320 309
256 348
146 953
532 147
429 916
726 124
108 484
978 884
978 667
108 448
995 86
255 925
342 372
257 185
726 864
227 683
256 804
428 127
255 702
320 626
256 155
428 781
995 742
430 75
726 527
212 571
255 99
430 799
430 519
428 929
532 120
108 206
255 788
260 462
428 413
430 447
492 675
257 792
429 640
567 547
257 733
532 529
146 876
995 655
928 645
342 698
429 111
928 84
429 623
428 323
146 650
227 499
257 979
257 14
227 417
532 590
320 144
320 215
428 489
492 548
429 476
428 349
492 896
492 950
257 649
567 642
532 420
256 137
320 510
255 899
726 560
320 565
995 664
428 975
492 22
255 91
785 48
342 434
255 24
257 686
430 728
492 598
146 231
257 771
428 151
726 994
257 183
429 853
995 586
260 581
428 193
928 938
428 488
212 7
978 328
430 307
342 825
256 335
146 470
428 164
995 56
492 338
726 533
726 531
928 132
429 119
428 258
428 831
227 793
212 66
256 663
532 841
320 159
928 11
785 438
257 368
212 786
995 904
430 628
430 369
428 946
320 407
260 188
256 232
342 224
342 791
227 508
108 451
255 665
255 2
726 463
978 207
532 37
430 999
567 454
430 167
320 746
212 334
256 295
256 637
567 388
726 485
726 400
429 311
227 926
255 26
227 201
260 197
928 90
320 198
785 453
532 872
256 89
430 363
146 656
320 575
430 72
532 905
257 370
255 217
260 732
428 909
146 541
492 957
342 314
567 474
108 281
342 955
342 145
260 1
227 676
212 736
428 866
726 421
532 426
255 661
785 254
492 498
928 455
108 536
146 998
227 914
320 707
928 880
108 691
212 380
260 760
532 794
567 982
212 627
928 511
928 365
256 679
428 347
429 385
212 932
995 194
995 154
532 641
212 384
430 875
567 546
928 261
255 573
212 700
320 105
785 677
430 343
726 912
260 345
342 740
429 766
108 986
567 367
320 12
257 339
146 19
995 772
255 496
256 270
256 340
212 468
212 605
227 755
257 135
785 202
256 312
785 741
212 592
726 829
320 220
146 128
978 509
995 274
726 687
212 9
428 253
212 685
785 38
978 330
928 98
108 972
260 587
995 639
430 703
928 624
320 68
785 15
428 173
429 847
995 629
255 141
212 856
492 695
342 200
260 55
342 723
995 801
146 446
429 993
428 291
227 820
430 336
320 778
260 237
342 593
567 358
430 288
108 526
256 383
146 18
995 69
429 987
212 465
429 782
429 139
567 809
342 115
256 33
257 838
227 493
256 302
255 500
227 472
320 890
928 971
256 280
785 704
567 616
978 634
257 988
726 495
429 602
108 169
492 668
429 834
978 614
429 761
146 199
428 832
212 852
978 646
428 621
995 310
260 216
255 466
320 106
429 752
320 808
320 836
995 387
256 337
255 833
256 514
492 303
227 934
428 967
320 990
320 10
260 716
260 768
429 422
428 719
428 379
260 244
256 325
928 756
492 843
430 737
212 942
146 654
342 412
532 551
785 235
492 435
257 936
108 877
212 672
532 787
567 989
256 4
567 895
978 725
429 25
567 494
227 554
492 753
726 991
428 699
227 597
430 73
430 28
227 657
146 57
532 632
146 969
567 60
785 744
492 574
567 789
260 129
978 109
978 346
429 143
108 61
995 869
567 436
260 659
567 585
928 262
227 245
256 763
320 855
257 218
320 842
492 158
256 246
429 606
995 954
928 610
430 579
227 391
146 965
726 790
255 731
995 376
492 883
260 818
428 319
428 774
785 941
428 114
492 915
320 821
212 701
320 803
212 406
108 459
108 706
256 952
260 287
928 326
492 757
567 977
492 403
567 718
978 951
256 867
785 475
260 871
257 813
146 296
227 858
227 166
256 596
255 450
212 933
785 487
532 600
726 588
726 714
928 927
260 611
342 604
430 125
256 894
212 236
146 83
255 608
320 190
342 375
255 121
995 386
227 44
146 371
260 845
428 318
256 149
255 442
726 906
785 35
108 893
212 410
342 304
342 537
492 722
567 712
146 63
785 767
227 729
342 39
