100
95 20
20 28
28 84
84 83
83 53
83 55
20 4
4 12
53 11
4 26
20 52
12 57
55 75
95 60
95 89
20 22
4 46
83 21
20 6
55 33
11 91
11 65
55 68
55 10
20 98
95 48
53 45
84 31
12 42
55 54
11 78
11 76
95 19
28 30
53 38
20 64
20 58
53 86
55 27
84 50
20 93
55 74
11 2
11 59
55 66
53 61
55 63
4 71
4 97
83 37
12 15
83 87
4 100
20 51
84 1
12 43
95 16
28 9
12 17
83 35
83 32
55 23
84 5
95 72
55 25
53 77
11 67
28 24
20 79
55 70
4 7
11 49
83 8
4 34
4 96
53 44
83 99
84 69
4 88
84 29
4 36
4 18
84 94
28 85
12 80
12 39
20 73
12 40
55 62
11 82
84 41
95 14
4 90
11 56
83 81
53 47
84 92
84 3
53 13
