100
81 80
80 64
80 32
32 29
64 95
32 47
80 74
29 87
74 46
29 85
64 37
74 94
87 31
87 20
31 55
95 60
64 59
94 57
55 8
46 10
46 76
47 75
85 84
74 96
80 93
29 77
57 33
80 11
57 18
31 30
74 98
59 41
57 72
37 50
74 63
64 69
94 2
80 99
95 13
94 97
85 91
60 39
81 5
60 61
60 79
81 35
46 53
64 83
37 24
80 54
47 21
47 25
87 7
60 17
37 3
8 92
29 4
20 86
31 43
29 51
55 23
80 36
8 14
31 12
32 52
46 58
81 16
74 82
8 40
32 56
85 1
94 9
95 44
60 90
74 71
47 49
57 26
46 42
29 67
94 65
59 38
57 89
32 78
60 73
46 68
64 34
74 22
57 70
60 6
81 66
80 62
87 28
57 27
29 100
59 48
47 19
95 88
94 15
94 45
