97
85 51
85 80
80 91
51 89
91 93
51 47
51 19
80 76
80 86
80 96
85 90
89 5
51 92
91 83
80 49
89 15
51 35
89 75
91 9
91 71
91 56
51 42
91 68
51 21
80 7
91 62
51 25
89 66
51 95
91 55
51 44
51 17
85 32
89 37
91 45
91 13
85 39
51 29
91 64
89 38
51 18
91 58
89 11
89 43
51 97
85 79
80 73
91 6
80 1
51 41
51 61
85 57
80 88
80 94
85 30
91 20
80 27
80 59
51 77
91 8
80 23
85 40
51 53
51 14
85 84
51 16
85 4
89 48
89 34
51 50
51 28
51 10
85 54
89 46
80 3
80 60
80 63
91 22
91 67
85 33
89 70
85 74
80 81
91 82
85 87
89 78
89 52
91 2
80 12
80 26
51 24
89 65
89 31
89 69
51 72
91 36
