100 100
4 2 -4 2 4 -3 -5 5 -1 -3 4 4 3 -5 5 2 5 3 5 -4 1 2 5 4 -5 -3 -3 3 -2 -2 5 5 -2 -3 -5 5 -5 -1 1 -4 -5 -3 -1 -5 -3 3 4 -2 -3 -5 -5 1 -5 -5 3 4 -1 -1 -2 -2 3 1 -3 -3 -1 3 -4 0 -2 0 2 -4 1 -1 -4 -2 -1 5 -5 1 5 2 5 5 1 3 -2 -3 -3 -2 1 -4 -1 -1 -4 -2 -5 -2 3 0
5 0 3 5 -2 4 -3 0 -4 2 4 4 2 3 -3 2 0 2 -3 5 -2 2 -5 5 1 -5 4 5 4 5 -4 1 -2 5 -5 -1 -3 2 0 -3 0 -3 4 -5 -3 -5 -2 4 -1 5 1 5 -1 1 -4 -5 -5 -3 5 -1 -4 -2 1 -3 -3 2 3 1 4 0 -5 3 4 2 -2 0 -1 -2 3 -3 5 5 1 -2 -3 2 5 -1 4 3 0 5 -5 5 -4 0 -1 4 -3 1
2 75 -1
2 54 -1
2 95 1
1 63 1
2 50 -1
1 14 1
1 35 1
2 23 -1
1 69 1
1 31 -1
2 86 -1
2 22 1
2 35 -1
1 54 -1
2 49 1
2 17 1
2 81 -1
2 75 -1
2 46 1
2 38 1
1 69 1
1 22 -1
2 63 -1
1 90 1
1 43 1
1 30 -1
1 52 -1
2 99 1
2 48 -1
2 44 1
1 50 1
1 99 1
1 39 -1
2 46 1
1 61 -1
2 91 -1
1 55 1
1 29 -1
2 63 -1
1 36 1
2 30 -1
1 63 -1
2 1 -1
2 24 1
1 91 1
2 57 1
1 78 1
2 75 -1
1 42 1
2 69 -1
1 34 -1
1 23 1
2 18 -1
1 88 1
1 1 -1
2 73 1
2 16 -1
2 15 1
1 69 -1
2 9 1
2 47 1
1 29 -1
2 28 1
2 22 -1
1 48 1
1 91 1
1 9 -1
2 3 1
1 35 1
2 75 -1
2 84 -1
1 68 1
2 2 -1
1 75 -1
1 5 1
1 44 -1
1 76 1
1 39 1
1 38 1
2 85 -1
1 44 -1
1 96 -1
2 48 1
1 13 -1
2 16 -1
1 5 1
1 100 1
2 96 -1
1 9 1
2 66 -1
2 17 1
1 42 1
2 96 -1
2 64 1
1 60 -1
2 30 1
2 58 -1
2 85 -1
2 3 1
2 35 -1
