-1113 1086
-1116 1089
-1115 1090
-1111 1086
-1109 1084
-1105 1080
-1100 1076
-1095 1072
-1100 1077
-1099 1077
-1095 1072
-1093 1071
-1095 1073
-1100 1078
-1105 1084
-1104 1082
-1105 1081
-1101 1077
-1105 1081
-1100 1076
-1102 1078
-1102 1079
-1100 1076
-1099 1077
-1098 1077
-1098 1078
-1101 1080
-1101 1079
-1098 1076
-1095 1073
-1090 1068
-1085 1064
-1088 1068
-1087 1067
-1083 1063
-1081 1060
-1081 1062
-1084 1066
-1087 1068
-1087 1070
-1093 1075
-1089 1071
-1091 1073
-1087 1069
-1093 1075
-1095 1078
-1090 1073
-1096 1078
-1101 1083
-1099 1081
-1096 1078
-1100 1081
-1105 1086
-1103 1085
-1100 1083
-1097 1079
-1101 1083
-1099 1082
-1096 1079
-1096 1078
-1092 1074
-1091 1072
-1095 1075
-1100 1081
-1098 1079
-1097 1078
-1099 1081
-1100 1082
-1103 1085
-1099 1082
-1105 1087
-1108 1090
-1109 1091
-1109 1092
-1114 1096
-1118 1101
-1124 1107
-1123 1106
-1124 1107
-1124 1108
-1128 1112
-1134 1118
-1136 1120
-1139 1123
-1137 1120
-1136 1121
-1141 1126
-1142 1127
-1142 1128
-1141 1127
-1139 1126
-1141 1127
-1140 1126
-1141 1128
-1138 1125
-1140 1127
-1144 1131
-1148 1135
-1153 1140
-1157 1144
-1163 1151
