1924
1925
1927
1928
1929
1930
1932
1934
1937
1938
1939
1943
1944
1945
1947
1949
1950
1950
1951
1952
1952
1953
1954
1955
1955
1956
1958
1958
1960
1962
1965
1965
1971
1972
1974
1978
1978
1979
1980
1984
1985
1988
1989
1990
1991
1993
1993
1994
1994
1996
1997
1997
0
3
4
5
7
8
8
9
10
11
12
13
15
17
18
19
20
22
23
23
24
25
27
28
29
30
30
31
32
34
34
35
35
36
36
37
38
39
39
40
43
45
45
46
49
50
51
52
52
53
54
55
59
61
61
62
65
66
66
67
69
71
73
73
77
79
79
80
81
82
83
83
87
87
89
90
90
91
93
94
97
99
100
100
101
102
103
104
105
105
106
106
109
111
111
112
113
113
114
115
117
118
120
120
121
121
122
123
123
124
125
126
127
128
129
130
132
133
134
135
137
138
141
141
142
142
144
144
146
147
147
148
149
150
151
152
152
153
155
157
159
162
163
164
165
166
168
169
170
173
175
175
176
176
177
179
179
180
180
184
185
186
188
191
192
193
195
197
199
200
201
203
205
205
206
208
210
212
213
213
214
215
216
221
221
222
223
223
224
226
227
229
230
231
234
236
237
238
238
239
239
240
240
242
243
243
244
244
245
247
249
250
252
253
255
255
257
258
259
260
260
261
263
263
264
264
265
265
268
269
270
270
271
272
273
273
274
275
276
281
281
287
288
289
291
292
292
293
293
294
294
295
295
297
298
301
302
303
303
304
305
306
307
308
308
310
310
312
313
314
315
317
318
319
320
321
321
324
324
326
328
329
330
331
331
332
332
333
337
338
338
340
342
342
343
344
345
348
349
350
350
351
351
352
352
354
354
355
355
356
358
358
360
361
362
363
364
369
369
370
373
375
375
378
378
379
380
383
383
386
386
390
390
392
394
394
395
396
396
397
400
401
401
402
406
406
410
412
412
413
414
415
415
416
418
419
422
423
423
424
425
426
429
431
431
432
434
435
436
438
439
440
443
443
444
446
446
447
450
451
451
454
456
457
457
460
462
464
465
465
468
469
472
474
476
477
479
480
482
485
489
490
491
492
492
493
494
496
496
497
498
498
499
500
501
502
503
503
504
505
506
507
508
509
509
510
512
514
515
516
516
517
517
518
519
521
521
523
525
527
527
528
529
531
532
533
533
538
538
539
541
542
545
546
548
551
552
553
554
554
557
558
561
562
563
563
564
566
566
568
569
569
571
573
574
574
575
575
576
578
579
580
580
582
583
584
585
585
587
588
588
590
591
592
593
596
596
597
597
600
605
606
607
608
610
612
613
613
615
616
616
617
619
619
620
621
623
623
624
625
626
629
631
631
632
633
633
635
636
637
638
640
643
644
646
649
652
653
653
655
655
656
657
658
660
660
662
664
665
666
667
670
671
672
672
673
675
676
677
679
681
683
685
686
687
688
689
691
692
692
693
694
696
699
699
700
701
702
703
705
706
707
708
708
709
710
711
714
715
716
720
722
725
726
728
730
731
732
733
733
734
735
736
736
737
738
739
740
741
741
742
743
745
746
747
748
750
751
752
753
756
757
757
758
761
762
763
766
768
769
770
771
772
774
775
777
778
779
782
784
785
787
788
789
789
790
791
791
792
792
793
794
794
795
797
798
802
803
803
804
804
805
812
812
815
815
816
817
818
819
820
821
822
823
823
826
828
829
830
831
832
833
834
837
839
840
842
844
845
846
848
850
851
852
853
856
857
858
860
861
865
866
868
872
873
874
874
875
876
877
879
880
881
881
883
884
885
886
887
889
891
892
893
894
897
898
898
899
900
901
903
905
906
907
909
911
912
913
914
914
916
917
919
920
920
922
923
926
926
927
928
928
932
932
934
936
937
940
940
941
941
943
944
945
948
948
949
951
952
954
955
955
957
957
958
959
960
963
964
965
965
966
966
967
968
970
971
971
972
978
979
981
982
983
984
984
985
985
987
989
992
992
994
995
996
999
999
1003
1004
1005
1006
1009
1010
1011
1012
1014
1015
1016
1019
1019
1021
1022
1023
1023
1024
1025
1026
1027
1027
1028
1028
1029
1031
1033
1034
1034
1037
1038
1039
1042
1043
1043
1044
1045
1046
1046
1050
1053
1054
1056
1057
1059
1059
1063
1064
1065
1065
1066
1067
1068
1069
1071
1071
1072
1072
1075
1075
1077
1078
1079
1080
1082
1084
1084
1085
1086
1087
1087
1088
1088
1089
1091
1092
1098
1101
1102
1103
1103
1104
1105
1106
1107
1107
1109
1110
1110
1112
1112
1113
1113
1114
1115
1117
1118
1119
1121
1122
1124
1125
1126
1127
1131
1131
1133
1134
1136
1139
1139
1140
1142
1143
1144
1145
1146
1146
1150
1152
1153
1154
1155
1156
1156
1158
1160
1161
1162
1165
1165
1166
1167
1169
1170
1172
1173
1175
1175
1176
1179
1181
1181
1182
1185
1186
1188
1190
1191
1191
1192
1192
1193
1195
1197
1197
1199
1200
1202
1202
1203
1203
1205
1207
1211
1213
1213
1214
1215
1215
1216
1219
1221
1221
1222
1223
1224
1226
1226
1227
1228
1229
1230
1233
1233
1235
1235
1236
1237
1238
1238
1239
1240
1240
1241
1241
1247
1249
1251
1251
1252
1253
1254
1255
1258
1260
1261
1263
1263
1265
1268
1269
1270
1270
1273
1274
1276
1276
1277
1279
1281
1281
1283
1284
1284
1286
1287
1288
1289
1289
1290
1291
1292
1297
1298
1301
1301
1302
1304
1308
1308
1309
1309
1310
1311
1311
1314
1314
1315
1316
1316
1318
1321
1322
1326
1327
1327
1328
1329
1329
1330
1331
1332
1333
1333
1335
1335
1337
1338
1339
1339
1342
1342
1343
1344
1346
1346
1350
1351
1355
1361
1362
1363
1363
1364
1364
1367
1368
1368
1369
1369
1370
1371
1371
1372
1374
1376
1378
1378
1381
1385
1386
1387
1390
1391
1392
1393
1393
1395
1398
1398
1401
1402
1403
1404
1406
1406
1408
1409
1410
1411
1412
1414
1416
1418
1420
1421
1422
1423
1423
1424
1427
1428
1428
1429
1430
1431
1432
1433
1433
1434
1435
1437
1438
1439
1440
1441
1442
1443
1444
1445
1446
1446
1449
1450
1451
1453
1455
1456
1457
1458
1458
1459
1460
1461
1462
1462
1463
1465
1466
1466
1467
1467
1470
1471
1473
1474
1474
1476
1478
1479
1480
1480
1481
1482
1483
1483
1484
1484
1490
1491
1491
1492
1495
1497
1497
1500
1501
1501
1502
1504
1506
1507
1507
1508
1508
1510
1510
1512
1515
1517
1518
1518
1519
1520
1521
1521
1523
1525
1525
1526
1529
1530
1531
1532
1532
1533
1534
1536
1537
1538
1540
1542
1543
1544
1545
1546
1546
1547
1548
1549
1551
1552
1553
1554
1555
1556
1560
1560
1561
1563
1563
1564
1565
1566
1568
1568
1570
1570
1571
1573
1574
1575
1576
1577
1577
1579
1581
1583
1583
1584
1585
1585
1586
1588
1592
1593
1593
1595
1596
1597
1598
1598
1600
1602
1603
1605
1606
1607
1607
1608
1608
1610
1610
1611
1612
1614
1615
1615
1616
1616
1617
1618
1621
1622
1626
1628
1628
1629
1629
1631
1632
1633
1635
1636
1637
1638
1641
1642
1643
1645
1646
1646
1648
1652
1653
1654
1655
1655
1656
1657
1657
1658
1662
1663
1663
1664
1664
1665
1666
1666
1667
1667
1668
1670
1670
1672
1673
1673
1674
1675
1678
1679
1680
1681
1683
1683
1684
1684
1685
1685
1687
1688
1690
1691
1691
1695
1695
1696
1697
1698
1699
1699
1700
1701
1703
1703
1705
1709
1710
1711
1711
1714
1715
1716
1718
1719
1720
1721
1722
1723
1725
1726
1727
1728
1730
1734
1735
1736
1737
1738
1739
1742
1743
1744
1745
1746
1747
1751
1752
1753
1755
1755
1756
1758
1759
1760
1762
1764
1766
1766
1768
1771
1772
1772
1774
1774
1775
1780
1781
1783
1785
1786
1786
1787
1787
1791
1791
1792
1794
1795
1795
1798
1800
1802
1803
1803
1805
1809
1812
1812
1813
1814
1815
1816
1817
1817
1818
1818
1822
1824
1825
1826
1827
1829
1831
1832
1833
1834
1835
1836
1837
1838
1839
1842
1842
1844
1845
1847
1847
1848
1850
1850
1852
1853
1854
1855
1856
1857
1858
1860
1861
1861
1862
1864
1865
1866
1867
1869
1869
1870
1870
1873
1873
1874
1878
1879
1884
1885
1886
1888
1888
1891
1891
1894
1895
1896
1897
1899
1902
1903
1903
1904
1905
1905
1906
1908
1910
1911
1911
1913
1913
1914
1915
1916
1918
1918
1919
1920
1921
1923
