1600 2000 1428
0 1
2 2
3 2
4 1
5 1
6 2
7 1
8 2
9 1
10 1
11 1
12 2
13 2
14 1
15 2
16 2
18 1
19 2
20 2
21 2
22 1
23 1
24 2
25 2
27 1
28 2
29 1
30 1
31 1
32 1
33 1
34 1
35 1
36 2
37 1
38 1
39 1
40 2
41 2
42 1
43 2
44 2
45 2
46 1
47 2
48 1
49 2
51 2
52 1
53 1
54 1
55 1
56 1
57 2
59 2
61 2
62 1
63 1
64 2
67 1
69 1
71 2
73 1
74 1
76 1
77 2
78 1
79 1
80 1
81 2
82 1
83 2
84 1
85 2
86 2
88 2
89 1
90 1
91 1
92 1
93 1
95 1
97 1
98 1
99 2
100 2
101 2
102 1
103 2
104 1
105 1
106 1
107 2
109 2
110 1
111 2
112 1
113 2
114 2
117 1
118 1
119 2
120 2
121 2
122 2
125 1
126 1
127 2
128 1
129 2
131 2
132 1
133 2
134 2
135 1
136 2
137 1
138 1
139 2
140 1
142 1
144 2
145 1
147 1
148 1
149 1
150 2
151 1
153 2
154 2
155 1
157 1
158 1
160 2
161 2
162 2
163 2
164 2
165 1
166 2
167 1
168 2
169 2
170 1
172 1
174 1
175 2
178 2
179 1
180 1
181 2
182 1
185 2
186 2
187 1
188 1
189 2
190 1
193 1
194 2
196 2
197 2
198 2
199 2
200 1
201 1
202 2
204 1
205 2
206 2
207 2
208 1
210 2
212 2
214 1
215 2
216 2
217 2
218 1
219 2
220 2
222 2
223 2
224 1
225 1
227 1
228 1
229 1
230 1
231 2
232 2
233 2
235 1
236 1
237 1
238 1
239 1
240 2
242 1
243 2
244 2
245 1
246 2
247 1
248 2
249 2
251 2
255 1
256 1
257 1
258 2
260 2
262 2
263 1
267 1
268 1
269 1
270 1
271 1
275 1
276 2
278 2
279 2
280 2
281 2
282 1
283 1
284 2
285 2
286 1
287 1
288 1
290 1
291 1
292 1
293 2
294 2
295 1
296 2
297 1
298 1
299 1
300 2
301 2
302 2
303 2
304 2
305 2
306 1
307 2
308 1
309 2
310 1
311 2
312 2
314 2
315 2
317 2
318 1
319 2
320 2
321 2
322 2
323 1
326 2
327 1
329 2
331 1
332 1
333 2
334 1
336 1
337 2
338 1
339 2
340 1
341 2
342 2
344 1
345 2
346 1
347 1
348 2
350 2
351 2
352 1
353 1
354 2
355 2
356 2
357 1
358 1
359 1
360 2
363 1
364 2
365 2
367 1
368 2
369 2
371 2
372 1
373 2
374 1
375 1
376 2
377 2
380 2
381 1
382 2
383 2
384 1
385 2
386 1
387 2
388 1
389 1
390 1
392 2
393 2
394 2
395 2
396 2
398 2
399 2
401 1
403 1
404 1
405 1
407 2
408 1
409 2
410 2
411 2
412 2
413 2
414 1
416 1
417 2
419 1
420 2
422 1
423 2
424 1
425 1
426 1
427 2
428 1
429 1
430 1
431 2
432 2
433 1
434 1
436 1
440 2
441 1
442 1
443 2
445 1
446 1
447 2
449 2
450 2
451 2
452 2
454 2
455 2
456 2
457 1
458 1
459 2
460 1
461 2
462 2
463 1
465 2
467 1
468 1
469 1
470 2
471 2
472 2
473 2
474 2
475 1
477 1
478 1
483 1
484 2
485 1
486 1
487 2
488 1
490 1
491 1
492 2
493 2
494 2
495 1
496 2
497 2
499 2
500 2
501 1
503 2
505 2
506 1
507 2
508 2
509 1
510 1
511 1
512 2
513 2
514 2
515 2
516 2
517 2
519 1
520 2
521 1
522 1
524 1
527 1
528 1
530 1
531 2
533 2
534 2
535 2
537 1
538 2
540 2
541 2
542 2
543 1
544 1
545 2
546 2
547 2
549 2
550 1
552 2
553 2
554 2
555 2
556 1
559 2
560 1
561 1
562 1
563 1
564 2
565 1
566 1
567 2
569 1
570 2
571 2
572 2
573 2
574 2
576 1
577 1
578 2
579 1
580 1
581 2
582 2
584 2
586 2
588 2
589 2
590 1
591 1
593 2
594 2
595 1
596 1
597 1
598 2
599 1
600 1
601 1
602 1
603 2
604 2
606 1
607 1
608 1
609 2
610 2
611 1
612 1
613 2
614 2
615 1
616 2
617 1
618 2
619 2
620 2
621 1
622 1
623 1
624 1
625 2
627 2
628 2
630 2
631 2
633 1
635 2
637 1
638 1
639 2
641 2
642 2
643 2
644 2
645 1
647 2
649 2
651 1
654 2
655 1
657 2
658 2
659 1
661 2
662 1
663 2
664 2
665 2
666 2
667 2
668 2
669 2
671 1
672 1
673 1
674 1
675 1
676 1
677 1
678 1
679 2
680 2
681 1
682 2
683 1
684 1
685 1
686 2
687 1
688 2
690 1
691 2
692 1
693 1
694 1
695 1
696 2
697 2
698 2
700 1
701 1
702 2
704 2
707 2
709 2
710 1
712 2
713 1
714 1
715 2
716 1
717 2
718 1
719 1
720 1
721 1
722 1
723 1
724 1
725 1
726 2
727 1
729 2
730 2
731 1
734 1
735 1
736 2
737 2
738 2
739 2
740 1
741 1
742 2
744 2
745 1
746 2
747 1
748 1
749 2
750 2
751 1
752 1
754 2
755 2
756 2
757 2
760 2
761 2
763 2
764 1
765 2
766 2
767 2
769 1
770 2
771 2
772 1
773 1
774 2
775 1
777 1
778 2
782 1
783 2
784 1
785 1
786 1
787 1
788 1
789 2
790 2
791 2
792 2
793 1
794 1
795 1
796 2
797 2
798 1
799 2
800 2
802 2
803 1
804 2
806 2
809 1
810 1
811 1
812 1
813 2
814 1
815 1
816 1
817 1
818 2
819 1
820 2
821 2
822 1
823 2
825 1
826 2
827 1
829 1
830 2
831 1
832 1
834 2
835 1
836 1
837 1
838 2
840 2
842 1
845 1
846 2
847 1
850 2
851 2
852 2
853 1
856 2
857 2
858 2
859 2
861 2
862 2
864 1
865 1
866 1
867 1
868 2
869 2
870 1
871 2
872 2
873 2
874 2
875 1
877 2
878 1
879 1
880 1
881 2
882 1
884 2
885 1
886 2
889 1
890 2
891 1
892 1
893 1
894 2
895 2
896 1
898 1
899 2
900 1
901 2
902 2
903 1
904 1
905 1
906 2
907 2
908 2
909 1
910 1
911 2
912 2
914 1
919 2
920 2
921 1
922 1
923 1
924 1
925 2
926 1
927 1
928 2
929 2
930 1
932 1
933 1
934 1
935 2
936 2
938 2
941 1
942 1
943 2
945 1
946 2
947 1
949 2
950 1
951 1
953 2
955 1
957 2
958 1
959 2
960 2
962 1
964 2
965 2
966 1
967 1
968 1
969 1
970 2
971 2
972 2
973 1
974 2
975 2
976 2
977 2
978 1
979 2
980 2
982 1
983 2
984 1
986 1
987 1
988 2
989 2
991 2
992 2
995 1
996 2
997 1
998 2
999 2
1001 1
1002 2
1003 1
1004 1
1005 2
1006 1
1007 1
1008 1
1009 2
1010 1
1011 2
1012 2
1013 2
1015 1
1016 2
1018 1
1019 1
1020 2
1021 2
1022 1
1023 1
1024 2
1025 2
1026 2
1028 1
1029 1
1031 2
1032 1
1033 2
1034 2
1035 2
1036 2
1037 1
1038 2
1039 2
1040 2
1041 1
1042 2
1043 2
1044 2
1045 2
1046 1
1048 1
1049 1
1050 2
1051 1
1052 1
1054 2
1056 2
1057 2
1059 2
1061 2
1062 1
1063 2
1064 1
1065 2
1066 2
1068 1
1069 2
1070 1
1071 2
1072 1
1073 2
1074 2
1075 1
1076 2
1079 1
1080 1
1081 1
1082 2
1083 2
1084 1
1085 2
1086 1
1087 1
1088 1
1089 1
1090 2
1091 2
1092 2
1093 1
1094 2
1095 2
1096 2
1097 1
1098 2
1099 1
1100 2
1101 2
1102 2
1103 1
1105 1
1106 2
1107 2
1108 2
1109 2
1110 1
1111 2
1112 2
1113 2
1114 1
1115 2
1116 2
1117 1
1118 2
1119 2
1120 1
1123 2
1124 1
1125 1
1126 1
1127 2
1128 2
1129 2
1130 1
1131 2
1133 2
1134 1
1135 1
1136 1
1137 2
1138 1
1139 2
1141 1
1143 1
1145 1
1146 1
1147 1
1148 1
1149 2
1150 2
1151 1
1152 1
1154 1
1155 1
1156 2
1157 1
1158 2
1160 1
1162 1
1163 2
1165 2
1167 2
1168 1
1169 1
1170 2
1171 2
1172 2
1173 2
1175 2
1177 1
1178 1
1179 1
1180 2
1181 2
1182 1
1183 2
1184 2
1185 1
1186 2
1188 1
1191 1
1192 1
1194 2
1195 1
1196 1
1197 1
1198 1
1199 2
1200 2
1202 2
1203 1
1204 1
1205 1
1207 1
1209 1
1210 1
1211 2
1212 1
1214 2
1215 2
1216 1
1218 1
1219 2
1220 2
1222 2
1223 2
1224 1
1225 1
1226 2
1227 1
1228 1
1231 2
1232 1
1233 2
1234 1
1236 1
1237 1
1238 1
1239 1
1240 2
1241 2
1242 1
1243 2
1244 1
1245 2
1246 2
1248 1
1249 1
1250 2
1252 2
1253 2
1254 2
1255 2
1259 1
1260 1
1261 1
1262 2
1263 2
1264 1
1265 2
1266 2
1267 2
1268 1
1270 2
1271 1
1272 1
1273 2
1274 1
1275 2
1276 2
1278 2
1279 1
1280 1
1281 1
1282 1
1283 2
1286 1
1287 1
1288 2
1289 2
1292 1
1293 2
1294 2
1295 2
1297 2
1298 2
1300 1
1301 2
1302 1
1303 1
1305 1
1306 2
1307 2
1308 1
1309 1
1311 1
1312 2
1313 1
1314 1
1315 1
1316 2
1317 1
1318 1
1319 2
1320 1
1322 2
1323 1
1324 1
1327 2
1328 1
1329 1
1330 2
1331 2
1332 2
1333 2
1334 1
1335 1
1336 2
1338 2
1339 2
1341 2
1343 2
1344 1
1346 2
1347 1
1348 2
1349 2
1352 2
1353 2
1355 2
1356 2
1357 1
1358 2
1360 2
1361 1
1362 1
1363 1
1364 1
1365 1
1366 1
1369 1
1370 1
1371 2
1372 2
1373 2
1374 1
1375 1
1376 1
1378 2
1379 2
1380 2
1381 2
1382 2
1383 2
1384 1
1386 2
1387 1
1388 2
1389 1
1390 2
1391 1
1393 2
1394 1
1395 1
1398 1
1400 1
1401 1
1402 2
1403 1
1405 1
1406 2
1407 2
1408 2
1409 1
1411 1
1412 1
1413 2
1414 1
1416 1
1417 1
1418 1
1421 2
1422 2
1424 2
1425 2
1428 2
1430 1
1431 2
1432 1
1433 1
1436 2
1437 2
1438 2
1439 2
1440 2
1441 2
1443 2
1445 2
1446 1
1448 2
1450 2
1451 2
1452 1
1453 1
1457 1
1458 2
1459 2
1460 2
1462 2
1463 2
1464 2
1465 2
1466 2
1467 2
1469 1
1470 1
1471 1
1472 1
1473 2
1474 2
1475 1
1478 1
1479 1
1480 2
1481 2
1482 2
1483 2
1484 1
1486 1
1487 2
1488 1
1489 2
1490 2
1491 1
1492 1
1494 2
1495 2
1497 2
1498 1
1499 2
1500 1
1501 2
1504 1
1505 2
1506 1
1507 2
1508 2
1509 2
1510 2
1511 2
1512 1
1513 1
1515 2
1516 1
1517 2
1518 2
1519 2
1520 1
1521 2
1522 2
1523 1
1525 2
1527 1
1528 2
1529 1
1530 1
1532 1
1533 2
1534 2
1535 1
1537 1
1538 1
1539 2
1541 2
1542 2
1543 1
1544 1
1545 2
1548 2
1549 2
1550 1
1551 2
1552 2
1553 2
1554 2
1555 2
1556 1
1557 1
1558 2
1559 1
1560 2
1561 2
1562 2
1563 2
1564 1
1565 2
1566 1
1568 1
1569 2
1570 2
1571 1
1572 2
1575 2
1577 1
1578 1
1580 2
1581 1
1582 1
1583 1
1585 2
1586 1
1588 1
1591 1
1592 2
1593 2
1594 2
1595 1
1597 1
1598 2
1599 1
1600 1
1601 1
1603 2
1604 2
1605 2
1606 1
1607 2
1608 2
1610 1
1611 1
1612 2
1613 2
1614 2
1615 1
1616 2
1618 1
1619 2
1621 2
1622 1
1623 2
1625 1
1626 1
1627 2
1629 1
1631 1
1633 2
1634 2
1635 1
1636 2
1637 1
1639 1
1641 2
1643 1
1644 1
1647 1
1649 2
1650 1
1651 2
1652 2
1654 1
1655 2
1656 1
1657 2
1658 2
1659 1
1660 1
1662 2
1663 1
1664 2
1666 2
1667 2
1668 2
1670 1
1671 2
1672 2
1673 1
1674 1
1675 1
1676 1
1677 2
1679 1
1680 2
1681 1
1682 1
1683 2
1684 1
1685 1
1686 2
1687 1
1688 2
1689 2
1691 2
1692 2
1693 2
1694 1
1696 2
1697 2
1698 2
1699 2
1700 2
1701 2
1702 2
1703 1
1704 2
1705 1
1706 1
1709 2
1711 1
1712 1
1715 2
1716 2
1717 2
1718 1
1719 2
1720 2
1721 2
1722 2
1723 2
1724 1
1725 2
1727 1
1728 1
1729 2
1730 2
1731 2
1732 2
1733 2
1734 1
1736 2
1737 1
1738 2
1739 1
1740 2
1741 1
1742 2
1743 2
1744 1
1745 1
1746 2
1747 1
1749 2
1751 1
1752 2
1753 1
1757 2
1758 2
1759 2
1760 2
1763 1
1764 1
1765 1
1766 2
1767 1
1768 2
1769 1
1770 2
1771 2
1772 2
1773 2
1774 1
1775 1
1776 2
1777 1
1778 2
1779 2
1780 2
1782 2
1783 2
1784 2
1785 1
1786 2
1787 1
1791 2
1792 2
1793 1
1794 1
1795 1
1796 1
1797 2
1798 1
1799 1
1800 1
1803 2
1805 1
1806 2
1807 1
1808 2
1810 1
1811 2
1812 1
1813 1
1814 2
1818 2
1819 1
1820 2
1821 1
1822 2
1823 1
1824 2
1825 1
1827 1
1828 2
1829 2
1830 2
1833 1
1834 2
1835 1
1837 1
1840 2
1841 2
1842 1
1843 2
1844 2
1845 1
1846 2
1847 2
1848 1
1849 1
1850 2
1851 2
1852 2
1853 1
1854 2
1855 1
1856 1
1858 1
1859 2
1860 1
1861 1
1862 1
1863 1
1864 1
1867 2
1868 2
1869 1
1871 2
1872 2
1873 1
1874 2
1876 1
1879 2
1880 1
1881 1
1882 2
1883 1
1885 2
1886 1
1887 1
1888 1
1890 2
1892 2
1893 2
1896 2
1899 1
1900 2
1901 1
1902 1
1903 1
1905 1
1907 1
1910 2
1911 1
1913 2
1914 1
1916 1
1917 2
1918 1
1919 2
1920 2
1921 2
1922 2
1923 1
1924 2
1925 2
1926 2
1927 2
1929 2
1930 2
1931 2
1932 2
1933 2
1934 2
1935 1
1936 1
1937 2
1938 2
1939 1
1940 1
1941 1
1942 1
1943 1
1944 2
1945 2
1946 2
1947 2
1949 2
1950 1
1951 2
1953 1
1955 2
1956 2
1957 2
1958 1
1959 1
1960 2
1961 2
1963 1
1965 1
1966 2
1967 2
1969 2
1970 1
1973 1
1974 2
1975 1
1976 1
1978 1
1979 2
1980 1
1981 1
1982 2
1983 1
1985 2
1986 1
1988 1
1989 2
1991 2
1992 1
1993 1
1994 2
1995 1
1996 2
1997 2
1999 1
