500 500
1 2
2 3
1 4
2 5
1 6
6 7
7 8
1 9
2 10
7 11
11 12
1 13
2 14
12 15
5 16
14 17
16 18
8 19
4 20
3 21
12 22
16 23
3 24
18 25
18 26
13 27
8 28
24 29
21 30
26 31
15 32
28 33
24 34
13 35
30 36
30 37
33 38
32 39
20 40
25 41
35 42
36 43
22 44
24 45
24 46
44 47
30 48
24 49
32 50
50 51
42 52
42 53
51 54
48 55
33 56
44 57
42 58
34 59
58 60
40 61
40 62
44 63
50 64
60 65
50 66
50 67
65 68
60 69
47 70
56 71
54 72
54 73
49 74
65 75
56 76
60 77
67 78
78 79
77 80
70 81
61 82
66 83
68 84
76 85
85 86
67 87
84 88
81 89
81 90
82 91
78 92
75 93
77 94
76 95
80 96
81 97
73 98
92 99
85 100
84 101
82 102
92 103
99 104
92 105
83 106
84 107
86 108
89 109
86 110
98 111
102 112
95 113
94 114
105 115
108 116
114 117
100 118
118 119
95 120
106 121
106 122
104 123
112 124
122 125
109 126
111 127
122 128
128 129
113 130
115 131
127 132
130 133
123 134
125 135
133 136
128 137
115 138
132 139
117 140
118 141
136 142
141 143
121 144
135 145
127 146
124 147
142 148
135 149
148 150
134 151
130 152
151 153
130 154
139 155
148 156
133 157
141 158
139 159
154 160
160 161
152 162
143 163
154 164
144 165
159 166
159 167
165 168
149 169
156 170
158 171
155 172
158 173
161 174
163 175
157 176
152 177
163 178
155 179
172 180
167 181
162 182
180 183
170 184
176 185
183 186
176 187
174 188
181 189
176 190
183 191
175 192
181 193
190 194
188 195
179 196
187 197
182 198
188 199
196 200
178 201
180 202
192 203
194 204
199 205
187 206
204 207
198 208
202 209
194 210
200 211
202 212
198 213
198 214
191 215
198 216
196 217
195 218
198 219
209 220
198 221
205 222
218 223
203 224
210 225
218 226
204 227
210 228
206 229
224 230
209 231
220 232
210 233
211 234
217 235
217 236
222 237
219 238
216 239
237 240
233 241
232 242
224 243
240 244
224 245
232 246
241 247
228 248
245 249
241 250
235 251
251 252
240 253
236 254
250 255
255 256
248 257
243 258
239 259
247 260
250 261
248 262
238 263
262 264
251 265
247 266
243 267
246 268
259 269
252 270
268 271
247 272
248 273
272 274
256 275
256 276
264 277
264 278
264 279
266 280
261 281
259 282
265 283
283 284
265 285
272 286
275 287
285 288
278 289
279 290
286 291
289 292
291 293
276 294
279 295
273 296
281 297
275 298
288 299
297 300
292 301
296 302
279 303
288 304
281 305
294 306
286 307
299 308
299 309
303 310
294 311
292 312
293 313
290 314
290 315
296 316
307 317
301 318
300 319
310 320
316 321
313 322
306 323
312 324
319 325
306 326
319 327
305 328
315 329
314 330
323 331
322 332
315 333
330 334
331 335
332 336
335 337
328 338
330 339
321 340
322 341
319 342
329 343
335 344
329 345
324 346
330 347
346 348
341 349
333 350
331 351
337 352
339 353
351 354
341 355
336 356
352 357
343 358
356 359
345 360
346 361
339 362
349 363
351 364
342 365
364 366
364 367
363 368
365 369
368 370
359 371
351 372
348 373
367 374
367 375
359 376
357 377
357 378
373 379
368 380
360 381
357 382
377 383
365 384
383 385
379 386
384 387
373 388
372 389
387 390
376 391
383 392
372 393
386 394
391 395
375 396
385 397
394 398
384 399
397 400
383 401
379 402
385 403
391 404
385 405
385 406
391 407
392 408
404 409
403 410
408 411
405 412
399 413
411 414
397 415
403 416
394 417
416 418
413 419
410 420
414 421
401 422
413 423
413 424
405 425
425 426
423 427
424 428
427 429
418 430
414 431
424 432
416 433
420 434
419 435
428 436
435 437
436 438
420 439
437 440
428 441
419 442
419 443
419 444
421 445
436 446
427 447
445 448
435 449
436 450
433 451
430 452
444 453
429 454
442 455
434 456
450 457
449 458
437 459
446 460
436 461
439 462
458 463
463 464
464 465
463 466
449 467
451 468
461 469
453 470
470 471
460 472
467 473
455 474
472 475
463 476
452 477
458 478
454 479
475 480
471 481
464 482
482 483
465 484
484 485
473 486
483 487
487 488
467 489
477 490
487 491
477 492
471 493
492 494
478 495
485 496
477 497
475 498
484 499
486 500
2 1 1 444
3 1 248
3 1 371
3 1 455
3 1 445
3 1 355
1 1 8
1 1 76
1 2 133
1 1 1
1 3 130
1 3 190
1 7 241
1 7 33
3 4 499
1 1 56
2 5 9 210
1 6 210
1 5 233
1 3 7
3 7 385
2 5 11 157
1 3 76
2 9 14 388
1 6 233
3 3 149
1 13 190
1 13 56
1 2 130
1 6 33
2 6 15 284
3 4 256
1 4 95
3 6 369
1 8 210
1 17 190
1 17 190
1 17 157
3 17 483
3 24 470
1 7 56
1 15 250
1 15 241
1 20 176
3 21 423
1 3 176
1 13 241
1 29 56
1 20 241
1 20 210
3 6 338
1 27 233
1 18 241
2 7 20 359
1 8 8
3 14 356
2 9 34 297
1 3 233
1 26 233
1 31 241
1 29 250
1 36 250
2 20 32 221
1 8 233
2 12 37 213
1 13 176
1 42 190
1 16 176
3 22 292
3 27 276
1 22 210
3 15 225
3 18 317
3 19 404
3 22 413
2 11 34 61
1 14 210
1 17 210
1 8 241
1 43 241
3 27 493
1 7 194
3 15 349
2 14 44 293
2 10 45 467
2 4 41 100
3 47 333
2 19 45 251
3 20 457
2 4 35 459
1 39 176
2 2 14 92
1 51 250
1 45 241
2 3 20 343
3 37 273
3 28 378
1 6 8
1 20 130
1 42 210
1 8 241
3 34 313
1 14 133
3 25 461
1 38 210
1 19 194
1 21 233
1 18 241
2 16 58 277
2 25 44 447
3 59 175
3 34 448
1 18 56
3 8 490
3 2 364
3 2 312
1 45 250
1 1 8
1 12 250
1 42 241
1 64 233
1 59 233
1 34 241
1 18 28
3 58 406
1 67 33
2 17 41 182
1 19 241
2 3 23 85
3 21 498
2 8 25 100
1 51 113
3 72 430
1 2 241
1 70 113
3 33 480
1 24 190
3 77 429
1 32 250
3 10 433
3 38 440
1 4 194
1 8 210
1 56 210
2 46 81 353
1 42 241
1 59 194
2 42 80 479
1 15 176
3 26 437
1 23 194
3 4 85
1 45 250
2 20 43 377
1 1 28
1 66 241
3 54 334
2 27 83 251
1 23 28
2 68 87 361
2 7 86 136
1 62 176
1 89 210
1 78 95
1 2 233
1 64 210
1 10 194
3 56 384
1 66 241
3 72 402
1 42 157
1 83 190
2 17 44 395
1 43 241
1 15 95
3 99 455
2 41 97 90
1 24 113
1 13 1
3 57 257
1 50 250
2 20 48 434
3 88 455
2 17 57 193
3 24 481
3 38 488
1 12 250
3 21 201
3 4 497
2 45 74 217
2 65 98 19
2 48 102 495
1 17 241
1 99 250
1 45 176
1 40 194
3 83 378
3 63 287
3 70 256
3 13 337
1 26 250
1 19 241
3 41 363
1 37 157
1 32 176
1 4 157
2 54 82 372
1 31 176
1 17 56
2 28 114 235
3 25 400
2 52 80 232
1 29 250
2 33 103 262
3 107 278
1 15 250
1 37 33
2 71 113 98
1 2 76
2 16 119 178
1 47 157
3 83 346
3 88 428
1 94 176
1 38 210
1 2 133
2 68 115 194
1 26 250
2 56 88 167
1 48 233
3 62 213
1 9 210
3 35 411
2 59 105 360
3 33 365
1 18 76
1 64 133
2 45 129 146
1 64 176
1 124 210
3 98 352
3 130 416
1 50 130
2 14 50 335
1 68 233
1 15 194
2 54 105 351
1 6 56
1 86 241
1 32 241
2 45 102 279
2 17 124 206
2 3 120 134
3 19 424
2 35 97 259
1 2 95
3 132 377
1 1 28
1 107 194
3 98 451
3 3 391
1 28 176
2 39 113 103
3 136 474
1 141 250
2 23 74 158
2 35 123 490
1 5 233
3 63 491
3 123 495
1 99 250
1 136 130
1 4 250
1 24 8
1 49 190
1 142 250
1 1 241
2 31 147 91
1 13 241
2 46 80 188
2 44 151 469
3 130 257
1 68 176
3 110 465
1 139 95
1 145 210
1 107 241
1 30 194
1 93 194
2 73 138 91
1 4 113
2 20 86 298
1 56 95
1 53 176
1 156 210
3 98 494
1 112 250
1 135 241
1 63 28
1 14 210
3 126 339
2 70 135 253
3 156 424
1 159 56
3 24 373
2 31 147 181
1 62 250
2 81 136 465
2 12 80 7
1 38 241
1 62 133
1 10 157
2 55 141 482
3 121 358
1 94 194
1 1 95
1 154 190
3 169 333
1 123 250
2 30 82 327
2 21 67 100
3 161 467
1 167 133
2 53 114 46
3 126 487
1 5 130
1 7 133
1 11 194
1 161 194
1 58 95
3 130 377
1 15 157
1 75 157
1 154 76
1 131 241
1 43 250
2 27 115 306
2 60 156 260
1 74 33
1 173 133
2 30 75 98
1 68 250
3 117 449
1 19 95
1 147 176
2 57 131 316
2 88 174 426
2 112 158 8
3 76 336
1 5 133
3 44 379
2 52 102 298
1 64 233
3 51 383
2 109 187 234
1 36 157
1 116 241
1 124 210
3 183 423
1 21 176
2 69 143 171
1 192 241
1 88 133
2 18 145 380
3 115 483
3 160 345
1 6 190
3 63 465
1 111 210
1 17 250
3 191 382
2 42 106 356
2 59 173 148
1 188 250
3 186 329
1 173 95
1 4 113
1 119 241
2 8 123 122
1 4 210
1 87 28
1 185 194
3 7 237
2 52 158 265
3 69 351
1 2 157
2 44 186 438
3 137 442
2 99 177 160
1 5 241
1 191 233
3 197 386
2 86 146 166
3 156 371
2 153 200 278
1 53 250
2 100 179 433
1 120 210
1 167 176
1 181 250
3 72 272
3 158 454
1 33 241
3 133 327
3 138 300
1 74 241
1 80 190
1 52 95
2 53 201 61
1 53 250
2 13 70 301
1 46 56
3 78 286
1 78 241
1 107 233
1 82 194
2 8 128 323
3 75 357
2 72 184 295
1 181 190
1 138 241
3 197 497
3 31 422
1 183 241
1 47 113
1 224 241
1 29 157
1 26 130
3 130 433
1 178 194
1 82 241
2 37 101 310
2 79 167 203
1 196 113
1 14 157
1 214 190
3 103 433
1 36 95
1 55 7
1 53 250
2 39 114 232
2 89 223 409
2 116 195 356
3 68 328
1 32 241
1 70 113
2 38 147 252
2 162 227 442
1 42 194
2 4 165 332
1 1 130
1 116 233
2 5 207 136
2 36 196 85
1 180 194
3 103 292
1 122 250
3 204 483
3 113 347
3 209 354
1 60 28
1 28 157
3 182 303
2 124 217 141
3 24 440
1 49 233
1 116 241
1 204 250
1 165 130
2 187 245 38
3 114 255
3 54 352
2 65 231 42
3 17 376
1 86 250
1 81 250
1 230 130
1 114 157
1 61 194
2 95 186 426
1 10 133
1 55 210
2 102 158 360
2 76 165 86
1 125 241
3 26 479
3 101 367
1 4 157
3 105 194
1 174 194
1 205 250
1 56 210
1 257 233
3 235 497
3 7 157
2 31 101 101
1 215 190
1 49 194
1 175 157
1 239 190
