500 500
1 2
2 3
3 4
4 5
1 6
6 7
7 8
7 9
6 10
5 11
6 12
7 13
12 14
12 15
14 16
4 17
17 18
16 19
3 20
13 21
7 22
8 23
7 24
24 25
11 26
19 27
4 28
20 29
28 30
9 31
21 32
32 33
25 34
22 35
26 36
18 37
16 38
30 39
19 40
37 41
23 42
40 43
41 44
32 45
29 46
44 47
32 48
38 49
29 50
47 51
50 52
34 53
51 54
50 55
36 56
47 57
50 58
38 59
47 60
53 61
54 62
40 63
50 64
48 65
45 66
62 67
58 68
49 69
46 70
67 71
56 72
66 73
61 74
74 75
72 76
62 77
65 78
61 79
66 80
59 81
68 82
66 83
71 84
60 85
76 86
82 87
72 88
84 89
88 90
89 91
87 92
82 93
89 94
78 95
83 96
76 97
74 98
77 99
80 100
90 101
95 102
84 103
93 104
88 105
101 106
89 107
97 108
108 109
98 110
94 111
94 112
111 113
98 114
103 115
106 116
115 117
105 118
94 119
113 120
118 121
112 122
109 123
123 124
101 125
110 126
124 127
110 128
127 129
120 130
128 131
117 132
128 133
129 134
130 135
112 136
133 137
132 138
117 139
121 140
129 141
137 142
123 143
125 144
140 145
130 146
145 147
142 148
128 149
126 150
148 151
135 152
140 153
140 154
149 155
154 156
156 157
151 158
142 159
154 160
143 161
158 162
152 163
139 164
161 165
154 166
152 167
158 168
154 169
154 170
166 171
163 172
168 173
153 174
160 175
171 176
159 177
174 178
156 179
165 180
161 181
181 182
175 183
160 184
174 185
169 186
162 187
175 188
171 189
177 190
174 191
185 192
189 193
172 194
170 195
182 196
196 197
186 198
187 199
190 200
192 201
177 202
196 203
197 204
201 205
202 206
189 207
199 208
186 209
202 210
197 211
197 212
202 213
206 214
201 215
198 216
201 217
212 218
200 219
212 220
207 221
197 222
222 223
218 224
202 225
204 226
209 227
210 228
207 229
217 230
228 231
219 232
208 233
214 234
226 235
213 236
218 237
225 238
214 239
223 240
226 241
223 242
226 243
232 244
220 245
224 246
237 247
238 248
229 249
239 250
235 251
242 252
241 253
242 254
242 255
255 256
249 257
255 258
249 259
240 260
250 261
239 262
245 263
246 264
251 265
258 266
248 267
244 268
247 269
265 270
254 271
261 272
268 273
262 274
254 275
266 276
254 277
254 278
275 279
263 280
277 281
274 282
268 283
276 284
283 285
276 286
280 287
272 288
281 289
272 290
274 291
286 292
285 293
283 294
292 295
294 296
290 297
285 298
291 299
285 300
297 301
282 302
278 303
287 304
285 305
283 306
305 307
304 308
306 309
302 310
293 311
294 312
293 313
311 314
291 315
309 316
299 317
296 318
311 319
300 320
303 321
314 322
308 323
302 324
305 325
304 326
320 327
311 328
308 329
305 330
329 331
310 332
314 333
325 334
318 335
311 336
321 337
325 338
322 339
328 340
323 341
332 342
332 343
340 344
338 345
328 346
334 347
334 348
345 349
335 350
337 351
339 352
351 353
349 354
348 355
346 356
355 357
355 358
345 359
354 360
341 361
354 362
353 363
354 364
358 365
357 366
364 367
352 368
353 369
369 370
356 371
371 372
348 373
369 374
360 375
351 376
361 377
360 378
375 379
371 380
363 381
357 382
364 383
377 384
379 385
376 386
362 387
378 388
367 389
365 390
380 391
379 392
374 393
375 394
391 395
378 396
393 397
394 398
392 399
380 400
380 401
381 402
378 403
388 404
395 405
385 406
397 407
394 408
392 409
387 410
390 411
410 412
396 413
402 414
397 415
400 416
392 417
396 418
396 419
417 420
396 421
418 422
421 423
421 424
409 425
422 426
403 427
422 428
409 429
407 430
408 431
412 432
422 433
428 434
410 435
420 436
419 437
420 438
414 439
424 440
425 441
427 442
422 443
419 444
435 445
434 446
422 447
445 448
442 449
440 450
439 451
432 452
450 453
430 454
445 455
445 456
438 457
443 458
447 459
446 460
455 461
444 462
440 463
461 464
447 465
445 466
445 467
463 468
462 469
453 470
452 471
452 472
464 473
462 474
473 475
458 476
476 477
472 478
455 479
462 480
462 481
474 482
459 483
462 484
482 485
472 486
469 487
483 488
480 489
479 490
468 491
472 492
482 493
488 494
475 495
493 496
494 497
488 498
476 499
491 500
1 1 1
2 2 2 432
3 1 60
2 2 2 249
1 1 1
1 1 1
2 1 3 466
1 1 1
1 1 1
1 5 1
1 2 1
3 8 200
3 4 219
1 2 1
2 7 9 469
1 2 1
2 3 7 198
1 2 1
3 7 94
1 1 1
3 4 44
1 4 1
2 3 7 491
1 3 1
1 8 1
2 4 15 177
2 3 13 257
1 7 1
3 6 315
2 5 15 102
2 3 11 86
2 4 9 25
3 3 34
2 4 15 498
1 6 1
1 17 1
3 2 205
3 2 298
1 7 1
1 6 1
1 9 1
3 10 218
1 14 1
3 18 41
1 12 1
1 12 1
2 6 21 215
1 8 1
2 9 16 248
1 25 1
1 13 1
1 21 1
2 7 18 383
1 1 1
1 2 1
2 1 12 262
2 8 23 192
2 20 30 423
3 22 99
3 16 422
3 19 136
1 10 1
2 7 20 468
2 2 14 435
3 27 322
2 2 22 425
3 4 55
2 15 31 258
1 1 1
3 11 150
2 15 29 23
2 5 22 158
2 2 10 140
3 2 469
3 1 89
3 26 54
3 15 85
1 2 1
3 12 216
2 8 25 374
1 3 1
3 16 217
3 13 421
1 9 1
1 15 1
1 18 1
3 34 74
1 14 1
1 35 1
3 19 480
1 11 1
1 20 1
3 21 365
1 10 1
3 9 359
2 8 36 271
1 21 1
1 5 1
2 12 36 389
3 26 90
1 9 1
1 13 1
1 14 1
2 26 45 110
1 4 1
2 8 24 119
1 11 1
3 30 213
3 22 274
1 46 1
1 33 1
2 14 48 416
1 18 1
2 18 42 24
2 21 43 31
1 1 1
3 9 188
1 32 1
3 28 291
1 13 1
3 48 321
2 25 48 236
3 42 54
1 18 1
3 49 240
1 29 1
2 16 35 131
1 32 1
1 7 1
1 28 1
2 14 30 252
1 58 1
1 32 1
3 38 462
1 17 1
1 22 1
3 15 302
1 16 1
1 50 1
1 20 1
3 26 114
2 46 66 197
1 13 1
2 5 51 399
3 67 26
3 50 366
2 35 59 300
1 4 1
1 16 1
3 65 450
3 23 215
2 6 68 229
1 30 1
1 29 1
1 23 1
3 33 307
1 26 1
3 24 204
1 41 1
3 13 162
2 16 60 308
3 39 461
1 56 1
1 67 1
1 67 1
1 9 1
2 10 62 9
2 21 41 421
1 77 1
1 55 1
1 71 1
1 78 1
1 83 1
3 71 223
3 77 115
3 46 195
1 32 1
1 19 1
1 48 1
1 1 1
2 3 84 179
1 64 1
2 49 85 4
1 15 1
1 60 1
1 7 1
1 87 1
2 5 46 174
1 34 1
1 11 1
2 34 60 135
3 22 425
3 76 409
1 49 1
1 80 1
1 17 1
1 47 1
1 94 1
2 25 100 11
2 3 32 26
1 55 1
3 51 117
1 20 1
3 3 355
1 78 1
1 12 1
1 73 1
1 36 1
1 58 1
1 37 1
2 65 105 319
1 40 1
1 95 1
1 39 1
2 41 69 242
1 37 1
2 8 110 151
3 73 440
1 106 1
1 93 1
1 65 1
2 4 65 495
2 13 99 232
1 35 1
1 115 1
3 109 256
3 117 87
2 31 82 453
3 101 58
2 35 89 341
2 37 113 3
1 101 1
1 115 1
1 116 1
3 56 261
2 10 65 1
1 33 1
3 31 306
1 29 1
1 119 1
2 15 100 377
1 29 1
1 12 1
3 124 359
1 76 1
3 5 107
1 44 1
1 26 1
1 117 1
1 110 1
3 61 294
1 125 1
1 121 1
3 30 477
3 22 423
3 56 358
1 73 1
1 33 1
3 77 282
3 31 335
2 1 41 108
3 65 161
3 8 341
3 132 363
2 31 95 162
3 39 493
2 18 84 171
1 21 1
1 107 1
1 98 1
2 14 124 12
1 79 1
2 34 125 456
1 53 1
3 100 147
3 28 424
1 26 1
1 55 1
1 94 1
3 46 471
2 5 112 226
1 108 1
3 110 390
1 75 1
1 99 1
2 32 67 409
1 133 1
2 34 132 356
1 112 1
3 65 429
2 58 114 342
3 136 1
1 30 1
1 46 1
1 19 1
1 50 1
1 71 1
1 148 1
1 8 1
3 47 170
1 111 1
2 46 147 203
3 133 255
3 60 414
3 82 421
3 110 3
1 55 1
2 1 98 84
1 59 1
3 2 361
1 120 1
1 41 1
3 149 214
3 148 232
1 98 1
1 126 1
2 27 118 236
3 67 203
3 97 361
1 119 1
1 67 1
1 95 1
1 24 1
3 139 282
2 81 117 315
1 19 1
2 69 129 14
3 44 158
2 84 121 418
3 131 423
1 22 1
1 87 1
1 43 1
2 63 134 189
1 132 1
1 120 1
2 75 156 141
1 54 1
1 18 1
2 92 139 245
3 149 191
1 20 1
1 76 1
2 70 163 246
1 156 1
3 67 9
1 153 1
2 13 148 457
3 80 462
3 48 271
3 97 108
2 44 127 19
1 22 1
1 152 1
1 87 1
3 17 91
1 41 1
2 5 171 264
3 74 202
3 32 477
1 149 1
3 156 174
2 83 120 173
2 28 76 71
1 167 1
1 149 1
1 31 1
3 113 90
1 79 1
2 93 138 218
3 55 421
3 176 44
3 138 141
1 100 1
3 68 120
1 185 1
2 54 94 217
1 59 1
1 92 1
3 124 105
2 18 89 428
2 38 114 429
2 2 78 130
1 20 1
1 8 1
2 45 185 325
3 121 453
1 115 1
2 53 128 55
2 16 175 261
3 181 448
1 188 1
1 145 1
3 157 286
1 117 1
3 131 92
3 34 248
1 140 1
3 9 471
2 144 189 312
1 166 1
3 118 141
2 109 170 428
3 63 422
2 1 147 391
1 149 1
2 142 199 497
3 78 19
3 13 228
1 199 1
3 80 203
3 93 336
1 96 1
2 4 134 162
1 53 1
1 53 1
1 75 1
3 204 331
3 84 214
2 141 193 394
3 22 434
3 181 241
2 97 163 380
2 96 188 208
1 79 1
1 45 1
1 162 1
1 97 1
2 17 71 465
1 48 1
1 131 1
1 57 1
3 52 139
2 45 138 133
1 159 1
2 81 182 363
1 38 1
2 133 178 289
1 83 1
1 183 1
1 153 1
1 203 1
2 51 196 354
1 61 1
2 115 184 368
1 186 1
1 156 1
3 49 189
1 214 1
2 105 153 176
1 208 1
3 183 138
1 100 1
3 190 15
3 146 281
3 124 21
3 129 360
2 24 95 465
1 193 1
3 54 383
3 20 389
2 106 212 188
3 85 8
1 126 1
2 40 92 421
1 108 1
1 160 1
1 29 1
1 149 1
1 189 1
3 106 19
1 174 1
1 47 1
2 61 159 345
1 128 1
1 56 1
2 24 116 67
1 159 1
1 230 1
1 90 1
3 199 4
3 224 468
1 46 1
2 79 146 118
2 114 229 109
1 221 1
1 94 1
3 9 488
2 30 113 27
3 159 264
1 142 1
1 141 1
3 7 82
3 130 445
1 43 1
1 169 1
2 33 170 296
3 119 118
1 135 1
1 169 1
