100
6426866 41743189
417679270 577518289
341895040 482566291
266736607 581853401
562070068 1501658281
1022459997 1622712319
222701019 264864841
101095567 667276031
77525782 1936631161
1113767033 1566946021
1332766512 1847147639
164538112 1058924491
628560358 1106480321
376772021 916178281
21724244 306282709
504370047 1075886321
2996638 9054919
660866881 1757568559
86195547 1624064779
64620093 180387679
1121282340 1927079249
1827794976 1841372231
88482943 388084051
426177655 435657679
53575870 117059639
1052326583 1270716281
200653667 263309951
167558936 1441849949
296488112 1226975621
243113044 545839309
27167267 314596949
164221672 560207209
45666492 136679611
108972575 884832259
366827552 1228255429
67631699 344928979
170378652 721799171
603842891 1486062199
7954079 36458731
1174053997 1988658391
882636203 1527796129
181670788 359908919
540736791 550407071
1402335064 1475916271
49274496 62088049
11156064 122338871
691409648 1478131439
190172199 1346020831
821450068 1905345439
541023057 956773049
326149261 579491761
2163429 15045139
440840269 686729129
10530975 1214459341
1207343686 1927794709
1555457316 1779029459
326477507 396261991
254315279 487500031
3998896 114666731
588003877 1437360559
770305403 1446618661
357174601 492386071
525460406 543435989
59241789 145827691
205202456 562022611
924722564 1128157501
2286958 275051531
897529598 1061697349
200741656 215481731
464336 147634189
326271845 799479599
1385762100 1662933359
655803650 1494114949
686676928 1504771361
82891154 548271151
70189851 164290571
1402818 17860571
154990599 408428171
206727109 820074529
63200521 210948281
70275767 477342599
983817926 1870238131
17595727 130838861
1077484739 1673666759
872860801 1220656949
280254081 490058221
6712501 1656706319
1300991803 1357759681
186176043 214811879
957061446 1301917391
1331067 87676271
1297934 1908601
1371043917 1399117241
307696642 1137425119
964552136 1064343971
166964998 1374164989
519736267 1057106681
1121218458 1865698729
5065565 25133921
16934289 99122911
