100 100 0
1 2 637
2 3 68
3 4 949
3 5 822
1 6 347
4 7 212
6 8 244
7 9 675
5 10 117
7 11 794
8 12 188
8 13 860
4 14 325
13 15 687
2 16 29
16 17 664
5 18 922
6 19 747
3 20 56
9 21 927
16 22 996
16 23 847
22 24 883
17 25 945
21 26 491
11 27 993
2 28 328
22 29 822
23 30 63
13 31 955
1 32 853
3 33 870
5 34 136
3 35 299
8 36 684
24 37 737
5 38 990
37 39 179
17 40 739
20 41 903
37 42 513
10 43 490
8 44 620
29 45 496
33 46 225
40 47 607
19 48 70
38 49 236
19 50 727
24 51 196
8 52 193
47 53 356
31 54 585
54 55 544
43 56 797
1 57 334
32 58 656
17 59 499
4 60 281
34 61 836
36 62 157
23 63 885
56 64 639
11 65 716
46 66 334
61 67 366
17 68 55
64 69 120
63 70 77
69 71 102
44 72 239
14 73 534
31 74 857
22 75 757
45 76 632
47 77 8
2 78 697
42 79 92
55 80 154
48 81 677
56 82 327
59 83 865
48 84 902
78 85 669
68 86 2
75 87 197
12 88 170
60 89 600
18 90 962
60 91 649
2 92 791
37 93 222
56 94 535
83 95 787
15 96 934
23 97 631
69 98 361
31 99 365
63 100 829
3 97 40
2 80 165
2 34 381
3 20 182
1 97 100 321
4 269
2 96 780
2 220 619
1 23 44 716
2 74 695
4 210
1 75 23 399
4 355
2 75 157
4 615
2 225 685
3 124 793
1 86 13 330
4 705
1 19 80 194
4 68
4 114
2 447 37
1 9 1 465
4 705
4 600
1 41 94 492
1 100 10 142
4 780
4 443
4 74
1 17 41 182
1 63 48 907
3 84 619
4 875
1 35 27 430
1 44 32 881
3 576 134
4 507
3 348 278
3 247 748
3 54 12
2 111 424
4 189
2 515 698
4 506
1 23 25 265
4 160
1 88 40 580
4 1080
2 712 344
2 327 39
2 37 103
1 71 32 476
1 60 6 302
4 805
2 184 698
4 169
3 906 1434
4 1345
2 1108 260
1 37 70 958
1 37 62 643
1 70 65 880
2 1044 970
3 1506 2
3 819 200
2 450 356
3 1492 1484
1 67 100 856
1 98 11 877
4 1540
3 1031 561
2 788 101
2 1757 905
1 64 35 953
2 1143 337
1 66 96 465
3 1708 67
3 427 1850
4 96
3 1940 1342
3 1127 705
3 372 2073
4 1085
1 13 99 959
1 61 6 692
4 333
4 563
3 243 1112
2 1527 207
4 1239
2 133 923
1 100 47 883
3 958 1545
1 88 14 110
2 2140 623
2 2271 412
1 6 75 815
2 966 216
