500 500
1 2
2 3
1 4
4 5
1 6
6 7
3 8
7 9
7 10
5 11
6 12
3 13
7 14
6 15
12 16
12 17
1 18
6 19
15 20
9 21
13 22
6 23
21 24
24 25
23 26
16 27
10 28
20 29
28 30
17 31
26 32
10 33
11 34
28 35
32 36
25 37
37 38
32 39
25 40
35 41
18 42
41 43
22 44
44 45
21 46
31 47
30 48
26 49
30 50
34 51
29 52
28 53
30 54
38 55
42 56
34 57
53 58
41 59
51 60
52 61
54 62
54 63
39 64
57 65
52 66
53 67
60 68
55 69
56 70
52 71
60 72
72 73
72 74
74 75
67 76
75 77
71 78
54 79
78 80
80 81
58 82
59 83
73 84
60 85
76 86
76 87
69 88
79 89
82 90
68 91
82 92
89 93
78 94
73 95
95 96
86 97
97 98
97 99
91 100
77 101
80 102
100 103
83 104
95 105
85 106
97 107
83 108
102 109
95 110
86 111
99 112
88 113
104 114
102 115
99 116
116 117
98 118
114 119
106 120
119 121
104 122
119 123
109 124
109 125
115 126
122 127
106 128
116 129
109 130
124 131
126 132
116 133
128 134
129 135
125 136
114 137
132 138
131 139
130 140
129 141
132 142
123 143
119 144
143 145
127 146
127 147
144 148
137 149
128 150
126 151
137 152
147 153
141 154
140 155
154 156
145 157
147 158
146 159
148 160
140 161
145 162
156 163
139 164
155 165
144 166
157 167
160 168
150 169
145 170
154 171
163 172
169 173
157 174
166 175
163 176
152 177
169 178
162 179
165 180
169 181
179 182
159 183
180 184
182 185
168 186
181 187
175 188
166 189
171 190
177 191
170 192
169 193
175 194
180 195
173 196
180 197
192 198
175 199
185 200
194 201
184 202
192 203
188 204
185 205
197 206
196 207
207 208
203 209
188 210
209 211
188 212
191 213
197 214
209 215
191 216
215 217
200 218
200 219
196 220
201 221
207 222
208 223
201 224
206 225
223 226
225 227
217 228
215 229
223 230
215 231
210 232
209 233
212 234
228 235
220 236
233 237
236 238
229 239
222 240
224 241
225 242
239 243
237 244
242 245
236 246
228 247
247 248
242 249
245 250
241 251
247 252
252 253
243 254
234 255
247 256
236 257
240 258
241 259
245 260
259 261
252 262
256 263
253 264
260 265
247 266
251 267
267 268
268 269
249 270
266 271
251 272
272 273
255 274
250 275
264 276
257 277
275 278
265 279
263 280
273 281
278 282
282 283
272 284
268 285
268 286
273 287
287 288
274 289
271 290
272 291
282 292
275 293
287 294
286 295
292 296
273 297
297 298
282 299
279 300
294 301
282 302
298 303
295 304
290 305
299 306
282 307
298 308
290 309
296 310
289 311
308 312
297 313
306 314
311 315
296 316
308 317
304 318
317 319
306 320
320 321
304 322
314 323
314 324
301 325
306 326
322 327
325 328
322 329
326 330
321 331
320 332
317 333
316 334
321 335
315 336
334 337
330 338
323 339
331 340
338 341
317 342
336 343
327 344
341 345
339 346
330 347
339 348
337 349
334 350
344 351
334 352
351 353
339 354
353 355
349 356
334 357
348 358
346 359
359 360
338 361
346 362
351 363
362 364
342 365
362 366
366 367
347 368
347 369
367 370
365 371
347 372
364 373
352 374
370 375
354 376
370 377
360 378
370 379
372 380
361 381
372 382
377 383
363 384
360 385
382 386
375 387
372 388
372 389
374 390
387 391
373 392
372 393
385 394
372 395
372 396
378 397
392 398
382 399
384 400
380 401
395 402
393 403
380 404
394 405
402 406
390 407
388 408
407 409
405 410
391 411
402 412
393 413
406 414
391 415
402 416
406 417
398 418
408 419
409 420
407 421
418 422
411 423
413 424
411 425
421 426
408 427
414 428
427 429
428 430
424 431
414 432
416 433
433 434
433 435
428 436
417 437
435 438
431 439
436 440
423 441
434 442
431 443
427 444
422 445
436 446
435 447
447 448
430 449
435 450
432 451
438 452
442 453
453 454
434 455
455 456
450 457
442 458
451 459
445 460
454 461
454 462
439 463
454 464
454 465
464 466
442 467
444 468
468 469
459 470
470 471
460 472
463 473
469 474
456 475
464 476
469 477
467 478
456 479
473 480
474 481
458 482
460 483
461 484
475 485
461 486
471 487
484 488
473 489
485 490
480 491
487 492
489 493
489 494
471 495
477 496
475 497
480 498
481 499
488 500
3 1 140
1 1 78
1 1 140
2 1 3 484
1 1 52
1 3 278
3 3 332
2 3 4 406
3 4 320
2 2 5 126
1 3 155
1 2 275
2 4 5 365
2 1 5 134
1 7 102
3 4 302
2 2 6 337
2 3 5 34
1 7 80
1 3 275
1 6 197
2 2 5 212
1 11 109
3 9 478
1 1 114
1 1 59
3 13 376
2 5 14 198
1 12 197
1 11 78
1 12 330
1 15 330
3 4 414
3 6 324
3 18 310
3 3 189
1 5 326
2 8 17 201
1 1 299
3 10 310
2 2 18 391
3 10 340
2 12 18 158
2 11 19 445
1 5 140
3 6 307
3 8 468
2 14 18 442
1 21 275
1 1 225
1 13 206
2 3 24 27
1 6 242
1 4 83
2 4 15 204
1 22 275
3 21 296
1 18 326
1 9 250
1 10 282
2 1 25 201
1 24 165
1 31 306
2 14 30 441
1 1 278
2 5 11 30
2 2 30 19
3 20 366
1 13 278
3 22 321
1 8 299
1 32 197
1 32 242
3 12 422
1 23 180
1 1 278
1 9 180
1 37 275
2 8 25 444
2 9 37 186
2 6 35 221
2 1 19 20
1 20 326
3 4 468
3 3 335
1 37 299
2 2 11 372
1 39 225
2 9 41 68
3 32 444
2 7 42 359
1 4 306
2 6 25 491
3 9 315
1 1 130
3 5 337
1 21 326
1 21 330
1 23 330
3 26 330
3 27 417
3 15 358
1 30 306
3 44 364
2 34 50 60
1 1 330
1 33 278
2 3 39 21
1 1 52
1 2 109
1 1 242
1 45 275
1 4 330
1 32 206
1 34 197
3 52 389
3 58 367
3 32 316
3 10 337
1 14 104
1 41 306
1 57 326
3 62 359
2 8 28 437
2 3 61 292
2 4 34 151
2 30 44 437
1 27 278
1 40 326
1 25 306
3 28 412
1 21 140
3 61 471
1 63 282
1 1 20
2 33 47 487
1 22 197
2 5 40 21
1 23 206
2 2 65 292
1 3 326
1 19 282
1 57 326
1 29 282
3 17 252
2 54 70 202
1 1 7
1 47 330
1 69 299
2 27 48 50
2 20 73 156
1 6 71
3 36 442
3 16 494
1 55 330
2 13 61 309
1 44 299
1 3 78
3 35 335
1 70 250
1 59 278
2 30 59 227
1 2 7
1 39 278
2 21 53 202
3 18 387
1 29 282
3 24 374
3 5 279
1 65 130
3 71 275
1 4 225
2 20 39 50
1 33 278
2 27 73 32
3 77 469
3 54 358
1 48 282
3 31 456
1 68 275
1 26 197
3 19 482
1 1 28
3 31 282
3 35 457
2 68 87 388
1 53 275
1 69 282
1 7 130
1 60 275
2 60 89 2
3 61 451
1 56 330
1 52 282
2 47 82 369
1 3 104
1 97 299
2 66 90 326
2 15 56 226
1 7 242
2 10 34 156
2 2 23 435
1 69 330
3 12 372
1 61 330
2 46 94 220
1 40 306
1 80 326
1 13 180
2 10 41 313
1 93 330
3 81 498
3 53 471
2 15 91 409
1 85 306
1 2 59
2 16 54 207
1 8 275
1 17 80
2 48 92 120
1 83 306
3 104 358
1 8 275
2 12 73 336
3 39 415
1 50 306
3 79 476
1 61 326
2 6 43 264
3 42 376
1 7 155
1 73 306
1 93 306
1 8 306
1 67 275
1 7 165
3 109 463
1 118 326
3 76 393
3 89 184
1 78 250
3 58 492
1 1 6
1 76 250
1 8 80
2 41 74 288
3 66 444
2 49 110 104
2 53 123 200
3 121 481
3 97 386
1 61 278
3 94 250
3 104 444
3 124 496
3 40 474
2 1 54 49
1 111 282
1 9 165
2 22 64 31
3 45 250
3 119 395
3 53 331
1 101 242
2 62 98 346
3 93 480
2 65 124 487
3 65 481
1 49 197
2 54 96 131
2 17 108 241
3 118 490
3 45 165
1 14 282
1 87 278
1 116 278
2 45 121 359
1 8 197
1 95 330
1 2 140
2 48 115 438
3 49 362
3 119 372
1 126 250
2 3 74 361
1 13 225
1 61 330
1 7 104
1 2 155
1 16 242
2 39 86 456
1 52 165
1 94 282
2 55 104 451
2 38 145 72
1 126 278
1 12 245
3 104 385
3 63 406
1 66 326
1 40 275
1 40 275
1 50 306
1 53 245
2 40 143 382
1 13 299
2 16 100 425
1 97 326
1 38 306
3 111 447
1 143 275
1 143 282
1 51 225
1 62 282
1 1 242
3 34 472
1 57 306
3 21 382
3 41 413
1 135 250
3 120 470
2 73 149 493
1 129 278
1 28 140
1 49 83
1 64 250
1 167 306
1 92 299
1 1 1
3 73 469
2 1 67 391
1 2 282
2 117 167 247
2 30 80 185
2 11 65 259
2 71 146 55
3 38 450
1 32 326
3 147 440
1 5 7
2 71 137 156
3 151 375
1 164 299
2 48 163 438
1 149 282
1 163 306
2 23 132 87
1 74 242
1 108 225
1 33 326
2 36 80 35
1 40 245
3 25 464
3 8 487
2 22 144 314
1 105 282
3 3 452
2 113 178 106
2 124 162 62
3 152 300
3 67 436
1 73 275
1 130 278
2 37 173 457
1 2 299
3 119 473
1 1 41
1 158 282
3 127 461
3 68 448
3 109 393
2 32 83 63
2 74 163 482
1 9 242
3 166 381
2 7 66 308
1 1 104
3 186 498
3 41 461
3 182 374
1 116 275
1 90 330
3 143 475
1 50 250
3 79 391
1 129 282
2 110 169 296
2 39 176 401
1 58 326
1 105 326
1 167 306
1 172 299
1 178 330
3 47 452
3 76 455
1 146 275
3 53 441
3 2 213
1 42 140
1 84 282
1 68 225
3 90 332
2 30 141 67
3 9 148
1 188 225
1 48 275
1 1 109
2 99 164 65
1 12 326
3 134 424
3 51 370
2 3 94 90
2 107 158 238
1 14 165
1 46 282
3 24 468
1 96 326
1 136 250
1 181 282
3 189 366
1 18 104
1 193 326
2 3 191 377
3 94 155
1 1 130
2 5 88 190
2 65 180 382
1 125 306
1 28 80
2 38 152 31
2 111 192 63
3 120 346
1 1 59
3 22 264
3 86 441
1 84 278
2 41 133 429
3 77 473
1 186 282
2 164 215 118
1 146 250
1 139 245
1 146 225
2 23 154 72
3 18 179
2 30 179 451
2 85 169 79
1 28 299
1 99 306
3 29 482
2 2 139 229
1 35 299
2 4 179 31
1 143 250
3 9 431
2 1 94 367
1 84 326
2 73 151 109
1 196 330
3 145 426
1 167 326
1 200 306
1 187 306
1 203 326
1 221 250
3 90 369
1 14 282
1 119 306
1 79 275
2 28 157 221
1 197 306
1 27 225
3 217 352
2 43 90 402
2 34 156 475
1 197 275
1 152 250
3 67 396
1 188 225
1 60 130
3 201 487
2 6 143 174
2 115 231 168
1 70 282
2 45 153 418
1 127 299
1 223 326
1 37 278
2 25 136 421
1 83 140
1 38 299
3 43 479
1 224 306
1 43 278
1 33 275
1 94 197
1 109 206
2 175 242 71
1 93 245
2 18 134 495
