233
33 45
45 150
33 198
45 97
198 31
33 112
97 24
24 165
150 121
31 192
45 148
97 10
33 35
148 220
165 99
24 196
192 78
31 193
45 62
196 223
97 5
196 176
196 101
35 25
78 94
62 77
223 82
94 23
198 120
120 118
192 2
31 209
193 163
33 228
10 29
209 59
82 226
31 152
163 182
152 64
176 113
97 224
176 164
45 208
220 4
176 38
45 49
10 190
10 139
24 91
198 135
223 41
176 159
33 128
152 213
121 202
196 134
35 130
120 34
148 46
101 19
45 102
24 185
45 114
24 167
152 93
2 231
226 66
78 168
82 171
10 215
5 83
121 144
209 122
150 160
163 76
228 100
198 90
62 48
25 132
2 180
163 7
165 201
198 36
2 173
192 75
198 225
209 26
121 124
97 141
2 30
220 212
165 14
176 74
2 69
97 39
97 203
120 28
31 157
148 109
82 147
94 37
220 116
99 133
198 229
198 92
94 12
62 137
150 179
82 126
192 53
78 186
31 6
163 191
94 217
228 106
77 3
150 58
82 218
198 16
176 72
94 56
118 50
176 111
226 86
94 151
29 13
31 170
209 87
148 105
33 145
118 108
97 43
78 63
228 210
209 115
101 183
163 54
150 98
25 1
176 232
152 79
150 162
62 9
5 123
23 214
152 42
77 131
228 195
198 80
193 230
59 136
78 211
62 172
82 178
24 166
121 89
25 55
2 140
226 188
101 117
196 233
62 21
192 146
82 169
31 219
163 57
24 161
223 18
196 85
33 207
99 44
62 138
192 81
5 110
35 47
120 194
2 73
33 61
163 119
112 67
23 156
112 216
163 143
193 200
163 199
35 187
29 71
59 204
77 153
45 20
77 177
223 70
99 222
2 84
220 155
62 8
148 184
121 104
228 206
78 127
82 181
148 158
45 189
220 32
29 149
148 88
24 96
228 51
82 103
150 65
78 154
209 95
78 221
101 125
220 142
5 129
33 11
35 197
5 68
121 17
150 107
121 15
223 205
193 27
120 40
82 175
150 52
152 60
228 22
163 227
35 174