500
281 19 427 350 411 293 496 348 161 447 124 468 238 132 327 20 293 293 286 3 213 321 422 450 123 241 201 243 131 137 135 448 75 62 239 129 491 2 444 382 446 127 424 102 47 132 408 167 301 290 378 435 92 200 205 308 301 368 181 350 158 84 272 35 296 305 302 146 199 404 178 345 474 88 255 65 400 389 345 326 176 108 9 301 313 364 456 312 195 303 88 137 209 367 45 436 296 314 57 56 446 155 377 58 385 238 374 117 228 327 204 107 494 92 159 363 134 186 177 153 308 272 134 430 318 392 268 57 100 353 243 407 449 355 378 411 443 102 392 491 147 491 372 257 103 201 481 223 170 313 470 208 128 191 303 308 123 379 139 396 131 484 284 235 71 485 118 71 365 199 381 298 142 20 118 273 7 343 377 184 178 69 226 192 243 330 4 87 147 218 141 140 265 73 485 273 360 280 214 355 70 441 17 494 68 106 144 353 103 82 390 242 344 19 314 420 105 475 480 348 499 375 434 369 2 83 220 296 284 380 17 500 458 420 464 3 485 425 432 71 382 355 145 462 270 34 433 111 71 64 351 330 397 461 67 20 23 110 499 112 111 29 72 363 37 208 159 125 249 170 233 182 128 325 367 339 191 66 374 174 360 384 193 77 479 476 2 303 170 70 421 69 182 44 497 423 352 10 413 481 393 80 184 175 494 104 9 177 428 415 412 379 244 240 351 377 233 9 189 432 133 376 235 320 88 68 106 441 410 89 414 258 19 99 267 136 142 348 322 148 67 353 156 73 492 14 224 291 253 195 44 367 208 175 75 64 473 221 490 63 119 29 147 296 257 468 156 223 150 198 342 456 430 397 136 340 411 197 376 238 469 94 441 54 85 175 219 145 238 451 137 395 39 495 106 248 467 145 214 255 329 132 90 78 300 318 231 92 233 353 479 166 76 2 334 435 190 181 350 388 330 419 336 36 359 206 65 112 91 40 78 453 340 365 17 401 266 148 185 182 34 494 374 131 158 468 98 57 194 104 281 235 417 107 434 414 306 254 156 318 151 161 414 107 458 366 191 450 246 376 430 69 498 481 415 438 191 483 453 352 218 7 350 280 23 138 171 122 84 27 309 346 494 98 492 87 406 396 248 491 
193 420 286 140 249 240 251 149 323 446 7 460 403 72 214 365 359 312 266 150 272 289 45 85 259 460 78 231 202 499 192 437 344 130 10 126 436 105 396 254 455 107 444 121 141 494 327 341 232 93 214 304 77 440 481 39 393 360 359 214 421 168 407 473 251 397 141 60 487 115 31 40 14 101 325 85 370 470 350 357 296 114 340 31 393 49 332 162 22 249 388 437 220 215 66 326 304 349 60 100 464 371 478 356 308 269 38 357 294 83 421 431 231 54 167 440 44 324 214 26 266 423 499 474 378 242 249 293 169 443 489 206 233 460 160 285 430 382 253 42 390 309 363 287 366 182 40 478 250 135 232 480 89 343 91 228 123 303 2 25 17 350 114 336 469 202 350 27 495 477 128 405 93 269 348 3 155 372 424 365 308 200 269 130 368 28 413 188 311 429 215 86 317 334 58 40 332 369 314 482 11 140 482 133 195 133 468 233 296 98 56 177 409 430 273 138 205 94 223 61 363 421 131 352 155 300 458 265 395 342 30 451 335 129 175 306 232 123 248 296 285 299 447 127 341 297 9 143 423 25 187 262 442 317 182 91 353 119 49 447 356 0 293 149 121 263 408 249 201 186 159 416 324 68 398 253 368 262 320 230 283 170 436 86 320 467 409 252 462 319 282 378 473 371 468 488 459 226 455 285 17 131 105 65 291 335 279 221 11 140 157 158 354 48 395 18 198 254 243 262 450 76 200 347 334 179 385 340 80 31 146 274 240 273 214 40 305 434 152 191 461 315 439 123 205 423 442 232 226 62 308 22 26 454 132 33 121 425 254 202 301 473 57 148 158 280 59 320 334 452 0 493 126 491 235 385 119 400 347 446 94 496 84 494 353 214 276 436 228 368 146 424 280 148 318 87 16 156 443 361 187 374 3 233 383 424 223 260 300 437 81 151 450 487 479 128 55 179 391 101 22 304 493 173 67 268 431 96 8 445 10 243 50 161 302 326 138 23 30 193 461 324 477 16 32 455 22 119 148 461 405 62 27 273 488 150 14 310 343 74 353 396 48 7 473 386 392 301 473 395 56 343 9 28 321 447 138 164 324 331 257 77 66 353 260 264 254 85 123 344 362 269 400 468 498 464 332 168 201 148 
1 2
2 3
3 4
1 5
3 6
1 7
2 8
7 9
8 10
9 11
11 12
11 13
4 14
8 15
4 16
11 17
6 18
18 19
12 20
16 21
5 22
1 23
17 24
18 25
20 26
4 27
6 28
3 29
3 30
28 31
12 32
30 33
32 34
8 35
3 36
25 37
30 38
8 39
10 40
1 41
16 42
15 43
35 44
14 45
15 46
2 47
33 48
31 49
6 50
39 51
19 52
14 53
26 54
28 55
14 56
7 57
26 58
32 59
52 60
49 61
35 62
22 63
48 64
62 65
17 66
16 67
20 68
8 69
23 70
31 71
23 72
60 73
26 74
11 75
65 76
26 77
24 78
13 79
22 80
61 81
12 82
58 83
33 84
52 85
5 86
9 87
71 88
9 89
56 90
43 91
90 92
21 93
69 94
12 95
74 96
92 97
7 98
6 99
26 100
18 101
22 102
100 103
20 104
46 105
78 106
17 107
57 108
43 109
79 110
3 111
75 112
61 113
89 114
29 115
61 116
73 117
5 118
64 119
37 120
14 121
28 122
87 123
91 124
37 125
29 126
50 127
77 128
76 129
45 130
78 131
59 132
36 133
2 134
83 135
96 136
25 137
46 138
69 139
9 140
65 141
32 142
32 143
50 144
43 145
6 146
15 147
79 148
17 149
29 150
43 151
5 152
85 153
98 154
79 155
78 156
52 157
91 158
79 159
77 160
31 161
90 162
42 163
100 164
1 165
100 166
56 167
90 168
21 169
28 170
64 171
13 172
29 173
8 174
64 175
5 176
92 177
61 178
34 179
43 180
88 181
27 182
27 183
36 184
79 185
19 186
87 187
96 188
43 189
97 190
28 191
69 192
99 193
64 194
6 195
44 196
49 197
72 198
82 199
3 200
84 201
54 202
70 203
52 204
71 205
21 206
53 207
97 208
31 209
84 210
74 211
40 212
87 213
59 214
26 215
69 216
74 217
52 218
45 219
62 220
28 221
83 222
46 223
30 224
6 225
15 226
15 227
85 228
40 229
54 230
79 231
11 232
84 233
86 234
26 235
38 236
89 237
62 238
77 239
26 240
20 241
45 242
99 243
83 244
73 245
5 246
98 247
17 248
57 249
59 250
62 251
11 252
54 253
100 254
35 255
44 256
24 257
27 258
81 259
79 260
3 261
30 262
81 263
97 264
29 265
18 266
74 267
69 268
45 269
75 270
28 271
27 272
4 273
39 274
36 275
3 276
35 277
89 278
56 279
32 280
28 281
1 282
46 283
72 284
30 285
18 286
47 287
38 288
32 289
80 290
84 291
76 292
53 293
68 294
13 295
82 296
73 297
45 298
92 299
34 300
26 301
20 302
24 303
16 304
1 305
97 306
86 307
61 308
55 309
87 310
32 311
72 312
64 313
70 314
12 315
65 316
91 317
52 318
96 319
45 320
90 321
55 322
44 323
9 324
7 325
84 326
83 327
33 328
50 329
90 330
29 331
48 332
85 333
37 334
100 335
78 336
14 337
85 338
53 339
5 340
80 341
24 342
14 343
76 344
88 345
59 346
10 347
29 348
1 349
34 350
72 351
5 352
34 353
30 354
80 355
9 356
39 357
11 358
54 359
19 360
39 361
79 362
69 363
49 364
97 365
50 366
43 367
41 368
48 369
94 370
9 371
74 372
47 373
70 374
5 375
50 376
33 377
90 378
90 379
64 380
52 381
48 382
60 383
64 384
49 385
50 386
85 387
57 388
19 389
95 390
8 391
19 392
29 393
3 394
31 395
29 396
38 397
31 398
94 399
72 400
93 401
88 402
98 403
64 404
58 405
18 406
67 407
43 408
77 409
88 410
45 411
32 412
33 413
55 414
92 415
13 416
94 417
92 418
19 419
32 420
79 421
33 422
47 423
54 424
19 425
50 426
77 427
45 428
40 429
68 430
81 431
80 432
16 433
91 434
63 435
33 436
76 437
37 438
74 439
78 440
10 441
74 442
99 443
75 444
59 445
33 446
24 447
46 448
41 449
98 450
14 451
32 452
13 453
6 454
92 455
47 456
57 457
8 458
65 459
37 460
100 461
66 462
20 463
48 464
94 465
63 466
89 467
22 468
25 469
13 470
95 471
83 472
36 473
3 474
48 475
1 476
39 477
79 478
96 479
32 480
7 481
10 482
70 483
13 484
7 485
72 486
19 487
35 488
31 489
97 490
92 491
72 492
77 493
7 494
42 495
97 496
49 497
60 498
28 499
2 500
